0.945589956386
0.0936617175213
0.519220635108
0.53562676122
0.945365756324
0.0547129454604
0.471636524767
0.205591423706
0.929645778129
0.673527574853
0.837180612262
0.260671086012
0.171373899085
0.0651503479875
0.230415683732
0.0894460435593
0.107023586224
0.731880259928
0.815848876172
0.96235385142
0.533230475383
0.919650788922
0.257702223861
0.158382424058
0.242437387248
0.376457912101
0.450608161242
0.120772226335
0.0326472100482
0.735753711095
0.435536626429
0.191307781015
0.0970445553652
0.490480302464
0.0627306310281
0.958503985889
0.584579726604
0.801428662465
0.682491839152
0.916836812768
0.825750574498
0.463357647602
0.737880890785
0.513387584801
0.206383360878
0.54317268539
0.807783617654
0.23453650709
0.419626142376
0.187275722485
0.284981147201
0.754881751636
0.617355770452
0.685905898753
0.110527907195
0.330814819089
0.755097215174
0.921488721159
0.724576936987
0.728481086229
0.969946559521
0.190203854269
0.21001758981
0.0477828335214
0.477399060551
0.214609152101
0.424504851478
0.448941086405
0.235662994561
0.997046581019
0.281035834239
0.577554366829
0.829672727886
0.911750880565
0.144676430785
0.808905932716
0.769763121067
0.430315152537
0.0961425640363
0.00241333653453
0.378847455765
0.362309576795
0.269639972678
0.397587552252
0.284692552301
0.151241499245
0.607709307033
0.692822457357
0.268103633265
0.906471817443
0.126168184678
0.75948349369
0.798491003174
0.332076986635
0.920541602909
0.670670555062
0.525330850797
0.976146498487
0.716335297754
0.680716777371
0.315413611508
0.21920957134
0.467472463913
0.308555038583
0.34679330078
0.684811825096

