4941,6594
8,6,1
8,7,1
9,8,1
10,9,1
13,5,1
13,12,1
14,13,1
15,13,1
16,14,1
17,14,1
19,18,1
20,19,1
29,14,1
34,33,1
35,34,1
36,35,1
37,36,1
38,36,1
39,36,1
42,41,1
47,36,1
47,44,1
47,45,1
47,46,1
50,10,1
51,21,1
53,24,1
58,25,1
58,41,1
59,58,1
60,59,1
61,9,1
62,31,1
68,63,1
68,64,1
68,65,1
69,35,1
69,66,1
69,68,1
70,67,1
70,69,1
73,72,1
75,9,1
75,48,1
77,76,1
79,78,1
80,79,1
82,81,1
83,13,1
86,71,1
86,76,1
88,4,1
88,55,1
88,87,1
89,87,1
90,88,1
91,73,1
94,11,1
94,26,1
94,43,1
94,92,1
94,93,1
95,94,1
97,34,1
97,40,1
98,28,1
98,42,1
98,57,1
98,74,1
98,82,1
100,98,1
100,99,1
101,48,1
104,31,1
106,48,1
107,55,1
108,70,1
109,54,1
109,78,1
110,76,1
110,86,1
111,52,1
112,72,1
113,112,1
115,114,1
116,108,1
117,116,1
118,116,1
119,52,1
119,56,1
120,5,1
120,51,1
122,121,1
123,30,1
123,92,1
123,101,1
123,122,1
125,11,1
125,98,1
129,95,1
129,113,1
129,126,1
129,127,1
129,128,1
130,19,1
130,29,1
131,26,1
131,94,1
135,98,1
136,25,1
139,26,1
139,50,1
139,131,1
139,138,1
140,30,1
140,102,1
140,123,1
140,138,1
140,139,1
141,35,1
141,140,1
142,35,1
142,141,1
143,138,1
144,96,1
145,103,1
146,136,1
147,14,1
147,54,1
148,96,1
148,111,1
148,119,1
149,56,1
150,138,1
151,85,1
151,143,1
152,56,1
153,103,1
153,124,1
153,146,1
154,60,1
154,62,1
154,153,1
155,32,1
155,154,1
156,153,1
157,36,1
157,153,1
157,154,1
158,153,1
159,154,1
160,29,1
161,27,1
163,43,1
163,162,1
164,163,1
165,162,1
166,27,1
167,41,1
167,58,1
170,77,1
170,168,1
170,169,1
171,47,1
171,95,1
171,170,1
172,52,1
172,88,1
173,124,1
173,154,1
174,32,1
174,92,1
174,104,1
175,56,1
175,119,1
176,21,1
176,166,1
178,88,1
178,107,1
178,177,1
179,177,1
180,177,1
181,42,1
181,150,1
184,46,1
184,80,1
184,105,1
184,182,1
184,183,1
185,76,1
186,106,1
186,140,1
187,169,1
187,185,1
188,61,1
189,156,1
189,174,1
190,18,1
190,103,1
191,77,1
191,150,1
191,163,1
192,111,1
192,144,1
193,157,1
193,192,1
194,51,1
194,124,1
194,145,1
195,88,1
196,145,1
196,161,1
198,56,1
198,88,1
198,149,1
198,152,1
199,20,1
199,80,1
199,179,1
200,184,1
200,198,1
201,197,1
201,198,1
201,199,1
202,40,1
202,143,1
203,26,1
204,111,1
204,195,1
205,9,1
205,50,1
205,98,1
205,115,1
205,138,1
205,188,1
206,179,1
207,108,1
207,116,1
207,129,1
207,205,1
207,206,1
208,9,1
208,125,1
209,61,1
210,101,1
211,210,1
212,210,1
213,210,1
215,72,1
215,112,1
215,214,1
218,41,1
218,83,1
218,217,1
221,83,1
221,220,1
222,104,1
222,134,1
223,137,1
224,71,1
224,137,1
224,219,1
225,216,1
225,221,1
227,169,1
227,223,1
228,187,1
228,216,1
229,137,1
229,168,1
229,226,1
230,187,1
230,226,1
231,53,1
231,73,1
232,41,1
232,124,1
234,143,1
234,233,1
235,129,1
236,134,1
236,135,1
237,236,1
240,239,1
242,241,1
247,245,1
247,246,1
250,248,1
250,249,1
252,238,1
252,251,1
253,252,1
255,254,1
257,246,1
259,256,1
259,257,1
261,260,1
262,261,1
267,261,1
267,266,1
269,268,1
274,270,1
274,271,1
274,272,1
274,273,1
275,274,1
280,249,1
280,279,1
281,264,1
282,279,1
284,242,1
284,254,1
284,282,1
284,283,1
285,255,1
285,284,1
286,276,1
287,260,1
289,251,1
289,252,1
290,288,1
292,291,1
295,279,1
295,282,1
296,284,1
296,295,1
298,246,1
298,278,1
298,293,1
299,255,1
299,258,1
299,298,1
300,294,1
300,297,1
302,279,1
302,282,1
302,295,1
302,301,1
305,249,1
305,280,1
305,284,1
305,304,1
306,258,1
306,285,1
306,305,1
307,303,1
308,265,1
308,297,1
310,257,1
311,258,1
311,310,1
312,249,1
312,280,1
313,249,1
313,279,1
313,280,1
313,282,1
313,295,1
313,302,1
313,305,1
313,312,1
314,277,1
315,314,1
316,240,1
316,285,1
316,299,1
316,303,1
316,306,1
316,315,1
318,238,1
318,317,1
319,251,1
320,319,1
321,263,1
321,320,1
322,252,1
322,319,1
323,308,1
325,274,1
325,292,1
325,324,1
326,314,1
327,240,1
328,327,1
329,254,1
330,247,1
330,329,1
333,239,1
333,332,1
334,261,1
334,264,1
334,281,1
335,244,1
335,278,1
335,298,1
336,290,1
336,318,1
337,240,1
337,253,1
337,316,1
337,336,1
338,336,1
339,338,1
340,297,1
340,308,1
340,331,1
341,340,1
342,243,1
342,277,1
343,298,1
343,342,1
344,262,1
344,311,1
345,262,1
345,311,1
346,269,1
346,341,1
350,260,1
350,266,1
350,349,1
351,241,1
351,276,1
351,287,1
352,334,1
352,347,1
352,348,1
352,351,1
353,309,1
353,332,1
354,239,1
354,353,1
355,243,1
355,332,1
355,342,1
355,353,1
356,315,1
356,355,1
357,330,1
358,309,1
360,249,1
360,257,1
360,280,1
361,244,1
361,359,1
362,269,1
362,274,1
362,292,1
362,299,1
362,361,1
363,242,1
364,242,1
365,242,1
365,296,1
366,242,1
366,284,1
367,251,1
368,257,1
368,310,1
369,260,1
369,350,1
370,251,1
370,319,1
370,367,1
371,246,1
372,272,1
373,335,1
374,353,1
376,252,1
377,357,1
378,246,1
378,278,1
378,371,1
378,375,1
379,327,1
380,331,1
381,257,1
381,360,1
382,260,1
384,383,1
386,0,1
386,385,1
387,386,1
391,390,1
392,391,1
393,384,1
394,391,1
395,0,1
395,393,1
396,393,1
397,396,1
398,396,1
399,396,1
400,396,1
402,392,1
402,401,1
403,402,1
405,404,1
406,392,1
406,405,1
408,407,1
409,391,1
411,402,1
411,410,1
414,413,1
415,413,1
417,416,1
419,395,1
420,396,1
421,418,1
421,419,1
421,420,1
423,391,1
425,392,1
425,414,1
425,424,1
426,384,1
426,420,1
426,425,1
427,426,1
429,383,1
430,388,1
430,416,1
430,423,1
431,405,1
431,409,1
432,431,1
433,431,1
435,402,1
435,434,1
436,392,1
436,402,1
436,432,1
437,389,1
437,408,1
439,402,1
439,422,1
439,438,1
441,430,1
441,440,1
442,394,1
442,441,1
443,424,1
444,416,1
444,424,1
445,383,1
445,386,1
446,386,1
446,429,1
447,384,1
447,393,1
447,426,1
449,448,1
450,416,1
451,0,1
451,408,1
452,413,1
452,428,1
453,451,1
454,383,1
455,383,1
455,454,1
456,408,1
456,419,1
457,394,1
457,405,1
459,413,1
459,428,1
459,455,1
460,405,1
460,457,1
461,435,1
461,458,1
462,383,1
462,413,1
463,453,1
464,413,1
464,443,1
465,449,1
465,456,1
466,442,1
467,449,1
467,463,1
468,413,1
468,443,1
468,450,1
469,416,1
469,430,1
469,464,1
470,429,1
470,454,1
472,431,1
472,438,1
472,471,1
473,412,1
473,438,1
477,476,1
479,478,1
480,477,1
480,479,1
481,474,1
481,479,1
484,477,1
484,483,1
485,482,1
485,484,1
486,485,1
489,482,1
489,485,1
491,481,1
491,487,1
492,478,1
493,480,1
493,484,1
493,492,1
494,482,1
494,486,1
495,482,1
496,91,1
496,484,1
496,495,1
497,485,1
497,492,1
498,478,1
498,485,1
499,214,1
499,496,1
501,500,1
504,502,1
504,503,1
512,511,1
513,511,1
519,515,1
520,516,1
520,517,1
520,518,1
520,519,1
522,116,1
522,521,1
523,504,1
524,523,1
525,523,1
527,526,1
528,524,1
529,528,1
530,525,1
530,528,1
531,530,1
532,523,1
532,526,1
533,532,1
534,511,1
536,535,1
537,536,1
538,511,1
538,534,1
539,506,1
539,507,1
540,539,1
541,539,1
542,539,1
543,539,1
544,539,1
545,509,1
545,543,1
545,544,1
546,506,1
546,507,1
548,505,1
548,532,1
548,547,1
549,501,1
549,548,1
550,511,1
550,534,1
550,542,1
551,505,1
551,511,1
551,538,1
551,548,1
551,550,1
552,548,1
553,546,1
554,546,1
555,547,1
555,552,1
555,553,1
555,554,1
556,504,1
556,532,1
557,536,1
558,546,1
558,557,1
559,535,1
559,546,1
561,510,1
561,543,1
561,544,1
561,560,1
562,558,1
563,556,1
563,557,1
563,562,1
564,504,1
564,532,1
565,506,1
565,508,1
565,543,1
566,507,1
566,508,1
566,544,1
568,532,1
568,548,1
568,567,1
569,540,1
569,541,1
570,501,1
570,522,1
570,533,1
570,569,1
571,509,1
572,509,1
573,501,1
573,532,1
574,535,1
578,577,1
582,576,1
583,582,1
584,582,1
585,581,1
585,584,1
587,586,1
590,589,1
591,589,1
593,592,1
594,578,1
594,589,1
595,594,1
596,594,1
597,588,1
597,592,1
598,597,1
599,597,1
600,597,1
601,597,1
602,597,1
604,603,1
605,604,1
606,604,1
609,608,1
610,578,1
610,607,1
610,609,1
611,609,1
612,582,1
613,612,1
614,585,1
614,613,1
616,615,1
618,587,1
618,617,1
619,614,1
620,597,1
622,621,1
624,587,1
624,623,1
625,576,1
626,581,1
626,619,1
628,594,1
628,627,1
630,592,1
630,629,1
632,631,1
634,632,1
634,633,1
636,614,1
636,635,1
639,616,1
639,632,1
639,638,1
640,576,1
640,612,1
641,640,1
644,643,1
645,582,1
646,645,1
648,636,1
648,644,1
648,647,1
650,649,1
652,584,1
653,622,1
653,639,1
653,651,1
653,652,1
655,624,1
655,654,1
657,575,1
657,597,1
657,604,1
657,609,1
658,605,1
658,628,1
658,642,1
658,656,1
658,657,1
659,575,1
660,575,1
662,609,1
662,661,1
664,579,1
664,663,1
666,605,1
666,665,1
667,584,1
668,618,1
668,624,1
668,632,1
668,667,1
669,587,1
669,655,1
671,637,1
672,584,1
672,671,1
673,672,1
674,672,1
676,614,1
676,675,1
679,587,1
679,678,1
680,584,1
680,652,1
680,667,1
681,639,1
681,679,1
681,680,1
682,680,1
683,680,1
685,639,1
685,653,1
685,681,1
685,684,1
687,644,1
687,681,1
687,686,1
689,632,1
689,655,1
689,688,1
691,604,1
691,662,1
691,690,1
692,589,1
692,666,1
693,680,1
694,692,1
695,694,1
696,630,1
696,657,1
697,696,1
699,698,1
700,612,1
702,579,1
702,675,1
702,681,1
702,700,1
702,701,1
703,587,1
704,645,1
704,670,1
705,594,1
707,706,1
708,624,1
708,681,1
709,637,1
709,706,1
710,709,1
712,658,1
712,711,1
713,637,1
713,671,1
713,704,1
714,713,1
716,715,1
718,632,1
718,668,1
718,717,1
720,580,1
720,677,1
720,716,1
720,719,1
722,610,1
722,712,1
722,721,1
723,722,1
725,580,1
725,616,1
725,634,1
725,639,1
725,650,1
725,653,1
725,677,1
725,720,1
725,724,1
726,652,1
726,667,1
726,680,1
726,692,1
726,694,1
726,725,1
727,720,1
728,637,1
728,698,1
729,728,1
730,575,1
732,689,1
732,731,1
734,702,1
734,733,1
736,622,1
736,734,1
736,735,1
738,658,1
738,692,1
738,737,1
740,739,1
743,742,1
744,741,1
744,743,1
745,743,1
746,744,1
748,740,1
749,739,1
750,740,1
750,748,1
751,748,1
752,749,1
753,750,1
757,740,1
757,750,1
757,755,1
757,756,1
758,757,1
759,742,1
760,743,1
760,759,1
762,742,1
762,759,1
762,761,1
763,739,1
764,754,1
766,765,1
771,767,1
771,770,1
772,768,1
772,769,1
772,771,1
773,771,1
774,764,1
775,748,1
776,750,1
777,743,1
777,763,1
778,759,1
778,762,1
779,742,1
780,747,1
780,762,1
781,774,1
781,780,1
783,754,1
783,780,1
784,780,1
785,770,1
786,771,1
786,776,1
786,785,1
787,756,1
789,762,1
789,779,1
789,780,1
789,788,1
791,757,1
791,783,1
791,787,1
793,792,1
794,793,1
795,779,1
796,795,1
797,770,1
799,780,1
799,798,1
800,783,1
801,800,1
802,744,1
803,754,1
803,766,1
803,780,1
803,782,1
803,787,1
803,791,1
804,743,1
804,794,1
804,795,1
805,748,1
805,749,1
807,803,1
807,806,1
808,795,1
809,808,1
811,793,1
811,810,1
812,758,1
813,758,1
814,760,1
814,763,1
814,778,1
815,740,1
815,744,1
815,763,1
816,815,1
817,774,1
818,817,1
819,818,1
820,764,1
820,819,1
821,803,1
822,809,1
822,811,1
823,758,1
823,772,1
824,758,1
824,772,1
826,825,1
828,521,1
828,827,1
829,826,1
832,521,1
832,831,1
834,829,1
834,833,1
836,829,1
836,835,1
837,828,1
839,838,1
840,839,1
842,841,1
844,825,1
845,827,1
846,844,1
847,846,1
848,847,1
853,837,1
853,838,1
853,852,1
854,833,1
854,850,1
854,851,1
855,831,1
855,849,1
855,854,1
856,855,1
858,827,1
859,854,1
860,846,1
860,855,1
860,859,1
861,843,1
861,854,1
862,833,1
862,843,1
863,843,1
863,854,1
864,854,1
864,859,1
865,844,1
865,852,1
866,833,1
867,831,1
868,831,1
869,831,1
870,846,1
871,837,1
872,837,1
873,852,1
874,833,1
876,875,1
877,827,1
877,845,1
878,875,1
879,848,1
880,846,1
881,859,1
881,875,1
882,857,1
883,859,1
883,864,1
883,882,1
884,846,1
884,883,1
885,858,1
885,871,1
885,874,1
886,848,1
887,848,1
888,848,1
889,848,1
891,833,1
891,854,1
891,881,1
892,835,1
892,878,1
893,857,1
893,875,1
894,846,1
894,876,1
894,893,1
895,831,1
895,869,1
895,876,1
896,835,1
896,892,1
896,895,1
897,874,1
897,895,1
898,850,1
899,869,1
900,846,1
900,852,1
900,880,1
901,874,1
902,852,1
902,857,1
902,890,1
903,831,1
903,845,1
904,831,1
905,831,1
906,831,1
907,849,1
908,849,1
909,849,1
910,831,1
911,847,1
912,846,1
917,912,1
917,913,1
917,914,1
918,912,1
918,915,1
918,916,1
919,831,1
920,831,1
921,864,1
926,921,1
926,922,1
926,923,1
927,921,1
927,924,1
927,925,1
928,871,1
928,878,1
928,885,1
928,901,1
928,902,1
929,872,1
929,878,1
929,890,1
929,902,1
929,928,1
930,873,1
930,878,1
930,899,1
931,882,1
931,902,1
932,831,1
935,934,1
936,934,1
938,937,1
940,939,1
941,936,1
942,941,1
944,943,1
945,944,1
946,942,1
947,946,1
949,948,1
950,948,1
951,949,1
951,950,1
953,952,1
954,937,1
956,939,1
957,956,1
959,942,1
959,958,1
961,939,1
962,949,1
964,948,1
965,960,1
966,965,1
968,967,1
969,934,1
969,935,1
970,950,1
971,951,1
971,970,1
973,954,1
973,965,1
973,972,1
975,952,1
978,951,1
979,68,1
980,979,1
982,981,1
983,953,1
983,955,1
984,939,1
985,984,1
987,960,1
988,987,1
989,80,1
989,987,1
991,963,1
992,977,1
993,958,1
993,962,1
993,992,1
994,941,1
994,990,1
995,944,1
995,969,1
996,970,1
997,184,1
997,966,1
997,989,1
998,992,1
999,994,1
1000,951,1
1001,996,1
1002,1001,1
1003,943,1
1005,943,1
1005,978,1
1005,1002,1
1006,945,1
1006,959,1
1006,968,1
1006,997,1
1006,1005,1
1007,1005,1
1008,1005,1
1009,1005,1
1010,937,1
1010,975,1
1010,986,1
1011,953,1
1011,991,1
1011,1010,1
1012,986,1
1013,963,1
1013,1012,1
1014,933,1
1014,941,1
1014,1005,1
1015,956,1
1015,981,1
1016,940,1
1016,1015,1
1017,1016,1
1019,1018,1
1021,965,1
1021,969,1
1021,973,1
1021,1004,1
1021,1020,1
1022,1018,1
1023,952,1
1023,974,1
1024,952,1
1024,974,1
1025,964,1
1026,967,1
1026,971,1
1026,1000,1
1026,1005,1
1026,1025,1
1027,1026,1
1028,943,1
1028,944,1
1028,995,1
1028,1004,1
1030,69,1
1030,105,1
1030,953,1
1030,963,1
1030,1029,1
1031,974,1
1031,1019,1
1032,1031,1
1033,1030,1
1034,950,1
1034,976,1
1034,998,1
1035,1034,1
1036,940,1
1036,979,1
1037,971,1
1037,1005,1
1038,1030,1
1039,1030,1
1040,1030,1
1042,1041,1
1043,949,1
1043,1026,1
1044,986,1
1044,1012,1
1044,1041,1
1045,1003,1
1045,1026,1
1046,1019,1
1046,1022,1
1046,1031,1
1047,948,1
1047,977,1
1047,992,1
1048,948,1
1048,976,1
1049,958,1
1049,993,1
1049,1005,1
1049,1035,1
1050,937,1
1050,954,1
1050,956,1
1050,984,1
1050,1019,1
1050,1022,1
1050,1023,1
1050,1024,1
1051,940,1
1051,1050,1
1052,69,1
1052,953,1
1052,1032,1
1052,1050,1
1053,933,1
1054,975,1
1054,991,1
1055,105,1
1055,961,1
1055,981,1
1056,952,1
1056,1010,1
1056,1041,1
1057,968,1
1057,997,1
1057,1006,1
1058,945,1
1058,1052,1
1059,1022,1
1059,1023,1
1059,1024,1
1059,1046,1
1061,1060,1
1062,1060,1
1065,1063,1
1068,1067,1
1070,1069,1
1073,1072,1
1076,1074,1
1076,1075,1
1079,1078,1
1086,1085,1
1087,1085,1
1088,1086,1
1088,1087,1
1090,1087,1
1091,1065,1
1091,1086,1
1091,1088,1
1091,1090,1
1092,1091,1
1094,1093,1
1095,1093,1
1097,1086,1
1097,1096,1
1098,1084,1
1099,1098,1
1101,1100,1
1103,1102,1
1106,1105,1
1107,1106,1
1108,1090,1
1111,1110,1
1116,1113,1
1119,317,1
1119,1065,1
1119,1118,1
1122,1121,1
1124,811,1
1124,822,1
1125,427,1
1127,1126,1
1128,1126,1
1135,1132,1
1136,1106,1
1137,1107,1
1137,1136,1
1138,1136,1
1139,1136,1
1142,1141,1
1143,1103,1
1143,1106,1
1145,1105,1
1148,1146,1
1148,1147,1
1150,1149,1
1154,1081,1
1156,1155,1
1159,1074,1
1159,1158,1
1160,1063,1
1161,1156,1
1163,1122,1
1163,1162,1
1165,1090,1
1166,1091,1
1166,1147,1
1166,1159,1
1166,1165,1
1167,1148,1
1167,1166,1
1168,1166,1
1170,1152,1
1170,1159,1
1170,1169,1
1171,1170,1
1175,1170,1
1176,1064,1
1176,1119,1
1177,1094,1
1178,285,1
1178,1177,1
1179,1105,1
1180,1106,1
1183,488,1
1184,1174,1
1187,1129,1
1189,1117,1
1189,1188,1
1190,1182,1
1191,1072,1
1191,1190,1
1192,1073,1
1192,1191,1
1193,1098,1
1195,1194,1
1196,1069,1
1197,1069,1
1197,1154,1
1197,1196,1
1200,1199,1
1201,488,1
1201,1170,1
1201,1175,1
1203,1202,1
1204,1202,1
1207,1147,1
1207,1206,1
1208,1072,1
1210,1109,1
1211,1210,1
1213,1212,1
1214,793,1
1216,411,1
1216,1215,1
1217,1075,1
1220,1087,1
1221,1156,1
1222,1144,1
1223,1087,1
1224,1077,1
1224,1082,1
1224,1084,1
1225,1224,1
1226,1102,1
1226,1129,1
1227,812,1
1228,813,1
1230,744,1
1230,800,1
1231,1227,1
1231,1228,1
1231,1230,1
1234,1189,1
1234,1233,1
1236,1235,1
1237,1236,1
1239,1232,1
1239,1238,1
1240,1108,1
1241,1162,1
1242,1133,1
1243,1123,1
1243,1131,1
1244,1078,1
1244,1167,1
1246,1191,1
1246,1232,1
1247,1218,1
1248,412,1
1249,1106,1
1251,1220,1
1253,1204,1
1253,1252,1
1254,1222,1
1254,1229,1
1256,1249,1
1257,800,1
1258,1257,1
1260,1156,1
1260,1161,1
1260,1259,1
1262,1224,1
1263,1261,1
1265,1177,1
1267,1107,1
1267,1243,1
1267,1244,1
1267,1266,1
1269,1070,1
1269,1268,1
1271,1270,1
1273,1272,1
1274,1272,1
1275,1122,1
1275,1150,1
1276,1100,1
1277,1101,1
1277,1276,1
1278,1276,1
1279,1278,1
1280,1072,1
1281,1280,1
1283,1150,1
1283,1282,1
1285,1096,1
1289,1250,1
1289,1287,1
1289,1288,1
1290,1205,1
1291,1242,1
1292,1221,1
1292,1257,1
1294,1293,1
1295,1083,1
1297,435,1
1297,1252,1
1297,1296,1
1299,1163,1
1299,1298,1
1300,1069,1
1300,1286,1
1301,1140,1
1301,1300,1
1302,1298,1
1304,1253,1
1304,1294,1
1304,1303,1
1306,1078,1
1306,1244,1
1306,1294,1
1306,1305,1
1307,1275,1
1308,1131,1
1308,1243,1
1308,1307,1
1309,1170,1
1309,1201,1
1309,1209,1
1309,1279,1
1310,1309,1
1311,1089,1
1312,1311,1
1313,1073,1
1313,1078,1
1313,1123,1
1313,1267,1
1313,1281,1
1314,1072,1
1315,1314,1
1316,1309,1
1317,1106,1
1319,1318,1
1322,1159,1
1323,1106,1
1323,1133,1
1324,1323,1
1326,1157,1
1326,1225,1
1326,1256,1
1326,1325,1
1327,1326,1
1328,1326,1
1329,1239,1
1329,1299,1
1330,1131,1
1330,1192,1
1330,1329,1
1331,1063,1
1332,1140,1
1332,1319,1
1334,1080,1
1334,1099,1
1334,1237,1
1334,1333,1
1335,1151,1
1337,1336,1
1338,1102,1
1338,1323,1
1340,1148,1
1340,1178,1
1340,1339,1
1341,1339,1
1343,1097,1
1343,1252,1
1343,1342,1
1345,1140,1
1345,1332,1
1345,1344,1
1346,1213,1
1346,1333,1
1348,1199,1
1349,1198,1
1349,1252,1
1349,1348,1
1350,1296,1
1351,1085,1
1352,1276,1
1353,1091,1
1353,1128,1
1353,1257,1
1353,1289,1
1354,1353,1
1355,1241,1
1356,1151,1
1356,1335,1
1357,1152,1
1357,1356,1
1359,1206,1
1361,1140,1
1361,1273,1
1361,1360,1
1362,1361,1
1363,1360,1
1364,1203,1
1364,1342,1
1364,1350,1
1365,1107,1
1365,1244,1
1365,1324,1
1367,1085,1
1369,1334,1
1369,1368,1
1371,1070,1
1371,1362,1
1371,1370,1
1373,1269,1
1373,1313,1
1373,1365,1
1373,1372,1
1374,1323,1
1374,1372,1
1376,1375,1
1377,1283,1
1379,1097,1
1379,1353,1
1379,1378,1
1382,1377,1
1382,1381,1
1383,1243,1
1383,1382,1
1384,1247,1
1385,1218,1
1386,1095,1
1387,1177,1
1387,1386,1
1388,1367,1
1389,1251,1
1391,1334,1
1391,1390,1
1396,1334,1
1396,1395,1
1397,1381,1
1397,1393,1
1398,1182,1
1398,1302,1
1399,1388,1
1400,1367,1
1400,1378,1
1400,1399,1
1401,1088,1
1401,1128,1
1401,1400,1
1402,804,1
1402,1230,1
1402,1257,1
1403,1169,1
1403,1171,1
1403,1371,1
1404,1393,1
1405,1153,1
1406,1317,1
1406,1377,1
1406,1405,1
1407,1191,1
1407,1219,1
1409,1290,1
1410,1268,1
1412,1321,1
1412,1411,1
1413,1166,1
1413,1391,1
1416,1134,1
1416,1159,1
1416,1195,1
1416,1322,1
1416,1414,1
1416,1415,1
1417,1219,1
1418,1067,1
1419,1068,1
1419,1410,1
1419,1418,1
1420,1085,1
1420,1251,1
1422,1102,1
1422,1376,1
1422,1406,1
1422,1421,1
1423,1243,1
1423,1422,1
1424,422,1
1424,1326,1
1425,1217,1
1425,1390,1
1426,1296,1
1426,1348,1
1426,1392,1
1427,1342,1
1429,1091,1
1429,1119,1
1429,1428,1
1431,1430,1
1432,1224,1
1432,1263,1
1432,1430,1
1433,1306,1
1433,1327,1
1433,1431,1
1434,1143,1
1435,1164,1
1435,1278,1
1435,1352,1
1436,1117,1
1436,1309,1
1436,1435,1
1438,1166,1
1438,1334,1
1439,1390,1
1440,1320,1
1440,1439,1
1441,1208,1
1442,1103,1
1442,1185,1
1442,1441,1
1443,1313,1
1443,1442,1
1444,1061,1
1444,1062,1
1444,1361,1
1445,1371,1
1445,1444,1
1446,1083,1
1446,1089,1
1446,1095,1
1446,1311,1
1447,1094,1
1447,1312,1
1447,1347,1
1447,1446,1
1448,1341,1
1449,1205,1
1449,1348,1
1449,1427,1
1450,1218,1
1450,1274,1
1450,1361,1
1451,1135,1
1451,1372,1
1451,1374,1
1452,1148,1
1452,1195,1
1453,1116,1
1453,1419,1
1454,1116,1
1454,1419,1
1455,1418,1
1456,1453,1
1456,1455,1
1457,1454,1
1457,1455,1
1458,1140,1
1458,1319,1
1459,1078,1
1459,1111,1
1459,1123,1
1459,1267,1
1459,1327,1
1460,1104,1
1461,1117,1
1461,1234,1
1461,1347,1
1461,1448,1
1461,1460,1
1462,1339,1
1462,1436,1
1463,1117,1
1463,1279,1
1463,1462,1
1466,1276,1
1466,1352,1
1466,1464,1
1466,1465,1
1467,1175,1
1467,1183,1
1467,1209,1
1467,1316,1
1468,1173,1
1469,1072,1
1469,1187,1
1470,1409,1
1471,1109,1
1471,1363,1
1472,1268,1
1472,1451,1
1473,1151,1
1474,1142,1
1474,1284,1
1475,1474,1
1476,1125,1
1476,1308,1
1476,1383,1
1478,1085,1
1478,1229,1
1478,1389,1
1478,1477,1
1480,1479,1
1481,564,1
1482,564,1
1483,1239,1
1483,1329,1
1484,1152,1
1484,1170,1
1484,1173,1
1484,1468,1
1485,1403,1
1485,1484,1
1486,1140,1
1486,1170,1
1486,1173,1
1487,1173,1
1487,1361,1
1488,1092,1
1488,1204,1
1488,1231,1
1488,1258,1
1489,1151,1
1489,1276,1
1489,1278,1
1489,1356,1
1490,1098,1
1490,1366,1
1491,1145,1
1493,1132,1
1493,1492,1
1495,1109,1
1495,1370,1
1496,1090,1
1496,1108,1
1497,1069,1
1497,1472,1
1498,1069,1
1498,1410,1
1499,1116,1
1500,1365,1
1500,1499,1
1501,1161,1
1501,1250,1
1502,1334,1
1502,1380,1
1503,1083,1
1504,1091,1
1504,1176,1
1505,1158,1
1505,1245,1
1505,1321,1
1505,1412,1
1506,1074,1
1506,1159,1
1506,1334,1
1506,1380,1
1507,1244,1
1507,1506,1
1508,1342,1
1510,1082,1
1510,1509,1
1512,1198,1
1512,1216,1
1512,1506,1
1513,1512,1
1514,1506,1
1515,1334,1
1515,1394,1
1516,1366,1
1516,1439,1
1517,1162,1
1518,1174,1
1518,1517,1
1521,1195,1
1521,1519,1
1521,1520,1
1522,1321,1
1522,1415,1
1523,1280,1
1523,1494,1
1524,1223,1
1524,1229,1
1525,1091,1
1525,1166,1
1525,1524,1
1526,1284,1
1526,1439,1
1527,1320,1
1528,1193,1
1529,1528,1
1530,1100,1
1530,1151,1
1530,1356,1
1530,1473,1
1531,1134,1
1531,1170,1
1531,1173,1
1531,1487,1
1531,1530,1
1532,1238,1
1532,1298,1
1533,1530,1
1534,1135,1
1535,1286,1
1535,1419,1
1535,1480,1
1536,1210,1
1536,1530,1
1537,1442,1
1537,1494,1
1538,1371,1
1539,1371,1
1540,1310,1
1540,1340,1
1540,1403,1
1541,1167,1
1541,1403,1
1541,1452,1
1541,1507,1
1542,1060,1
1543,1115,1
1547,1544,1
1548,1442,1
1548,1547,1
1552,1116,1
1552,1369,1
1553,1071,1
1553,1546,1
1554,1072,1
1556,1089,1
1556,1104,1
1558,1335,1
1558,1356,1
1559,1080,1
1559,1529,1
1560,1081,1
1561,1555,1
1562,1298,1
1562,1355,1
1565,1492,1
1566,1069,1
1567,1566,1
1568,1566,1
1569,1272,1
1569,1564,1
1570,1255,1
1573,1102,1
1574,1573,1
1575,1545,1
1576,1124,1
1577,1235,1
1579,1112,1
1579,1326,1
1580,1326,1
1581,1112,1
1582,1581,1
1584,1117,1
1586,1272,1
1588,1520,1
1588,1587,1
1593,1378,1
1593,1576,1
1594,1224,1
1594,1511,1
1595,1547,1
1598,1455,1
1598,1597,1
1599,1584,1
1599,1589,1
1601,1600,1
1603,1115,1
1605,1132,1
1609,1133,1
1610,1134,1
1611,1543,1
1613,1612,1
1615,1071,1
1618,1570,1
1619,1140,1
1620,1140,1
1620,1617,1
1621,1491,1
1622,1143,1
1622,1550,1
1622,1591,1
1623,1622,1
1624,1087,1
1624,1367,1
1625,1063,1
1626,1272,1
1627,1612,1
1629,1296,1
1629,1348,1
1630,1090,1
1631,1333,1
1631,1577,1
1632,1389,1
1632,1524,1
1634,1271,1
1634,1331,1
1638,1547,1
1641,1162,1
1644,1542,1
1645,1578,1
1645,1606,1
1646,1166,1
1647,1224,1
1648,1604,1
1649,1173,1
1653,1554,1
1654,1614,1
1657,1579,1
1659,1615,1
1662,1623,1
1662,1661,1
1663,1337,1
1663,1628,1
1664,1627,1
1666,1105,1
1667,1635,1
1667,1666,1
1670,1554,1
1670,1669,1
1674,1607,1
1677,1098,1
1677,1333,1
1677,1676,1
1678,1194,1
1678,1245,1
1679,1209,1
1679,1589,1
1684,1158,1
1684,1284,1
1685,1572,1
1685,1575,1
1685,1670,1
1686,1598,1
1686,1603,1
1687,1218,1
1687,1673,1
1688,1687,1
1689,1219,1
1689,1563,1
1689,1642,1
1691,1583,1
1691,1690,1
1692,1622,1
1694,1528,1
1695,1528,1
1696,1149,1
1699,1605,1
1699,1643,1
1700,1617,1
1700,1620,1
1701,1282,1
1701,1592,1
1702,1586,1
1703,1635,1
1705,1206,1
1706,1675,1
1708,1547,1
1709,1226,1
1710,1492,1
1712,1557,1
1713,1098,1
1714,1689,1
1716,1590,1
1717,1104,1
1719,1359,1
1720,1554,1
1721,1585,1
1722,1662,1
1722,1721,1
1723,1235,1
1724,1704,1
1725,1242,1
1725,1609,1
1726,1242,1
1727,1224,1
1728,1082,1
1728,1571,1
1729,1630,1
1730,1153,1
1731,1098,1
1731,1694,1
1733,1547,1
1734,1680,1
1735,1181,1
1735,1358,1
1736,1157,1
1736,1513,1
1738,1636,1
1738,1637,1
1738,1737,1
1739,1714,1
1740,1554,1
1740,1572,1
1742,1653,1
1743,1741,1
1743,1742,1
1744,1547,1
1745,1565,1
1745,1585,1
1746,1224,1
1748,1468,1
1748,1747,1
1749,1157,1
1750,1082,1
1751,1644,1
1752,1649,1
1752,1654,1
1753,1104,1
1754,1669,1
1755,1726,1
1756,1755,1
1758,1734,1
1759,1652,1
1760,1491,1
1760,1611,1
1761,1346,1
1762,1255,1
1762,1528,1
1763,1256,1
1764,1582,1
1765,1358,1
1766,1640,1
1767,1219,1
1767,1766,1
1770,1158,1
1770,1212,1
1771,1658,1
1773,1604,1
1773,1607,1
1774,1155,1
1774,1214,1
1775,1360,1
1776,1268,1
1776,1698,1
1776,1699,1
1777,1165,1
1778,1683,1
1778,1727,1
1779,1551,1
1780,1703,1
1781,1560,1
1781,1612,1
1782,1549,1
1782,1758,1
1782,1759,1
1783,1437,1
1784,422,1
1785,1739,1
1786,1280,1
1786,1658,1
1786,1685,1
1787,1563,1
1788,1650,1
1789,1671,1
1790,1653,1
1790,1754,1
1793,1741,1
1793,1791,1
1793,1792,1
1794,1208,1
1794,1441,1
1795,1651,1
1795,1708,1
1795,1724,1
1796,1794,1
1796,1795,1
1797,1651,1
1797,1709,1
1798,1255,1
1798,1408,1
1799,1224,1
1799,1264,1
1800,1286,1
1800,1674,1
1801,1288,1
1802,1734,1
1803,1291,1
1803,1680,1
1804,1640,1
1804,1642,1
1805,1298,1
1805,1299,1
1807,1300,1
1807,1648,1
1807,1800,1
1808,1668,1
1809,1063,1
1809,1628,1
1810,1106,1
1810,1237,1
1811,1438,1
1811,1440,1
1812,1307,1
1813,1633,1
1814,1309,1
1816,1315,1
1816,1672,1
1816,1789,1
1817,1316,1
1818,1506,1
1818,1515,1
1819,1317,1
1819,1561,1
1820,1605,1
1820,1661,1
1821,1326,1
1822,1325,1
1822,1749,1
1823,1604,1
1824,1636,1
1825,1118,1
1825,1120,1
1826,1659,1
1826,1696,1
1827,1660,1
1828,1418,1
1829,1707,1
1830,1130,1
1830,1710,1
1831,1338,1
1832,1544,1
1833,1754,1
1833,1769,1
1834,1616,1
1834,1682,1
1835,1284,1
1837,1114,1
1838,1601,1
1838,1831,1
1839,1554,1
1839,1808,1
1840,1768,1
1840,1839,1
1841,1555,1
1841,1703,1
1842,1347,1
1843,1713,1
1844,1415,1
1844,1522,1
1845,1190,1
1846,1557,1
1847,1613,1
1847,1757,1
1847,1806,1
1848,1633,1
1848,1779,1
1849,1719,1
1849,1777,1
1850,1661,1
1851,1812,1
1852,1066,1
1852,1400,1
1853,1165,1
1853,1705,1
1854,1590,1
1855,1584,1
1856,1584,1
1857,1563,1
1857,1689,1
1858,1693,1
1859,1353,1
1860,1342,1
1861,1690,1
1862,1665,1
1863,1127,1
1864,1361,1
1864,1646,1
1865,1164,1
1865,1753,1
1866,1206,1
1867,1359,1
1867,1587,1
1869,1692,1
1869,1776,1
1870,1709,1
1870,1744,1
1872,1871,1
1873,1871,1
1874,1142,1
1874,1415,1
1875,1681,1
1876,1508,1
1877,1106,1
1877,1499,1
1878,1685,1
1878,1772,1
1879,1652,1
1880,1763,1
1881,1325,1
1881,1571,1
1882,1619,1
1882,1757,1
1883,1654,1
1883,1846,1
1884,1439,1
1885,1749,1
1886,1776,1
1888,1546,1
1889,1716,1
1889,1854,1
1890,1554,1
1890,1668,1
1891,1199,1
1891,1511,1
1892,1200,1
1892,1660,1
1893,1380,1
1895,1384,1
1895,1385,1
1895,1894,1
1896,1711,1
1896,1787,1
1897,1655,1
1897,1656,1
1897,1673,1
1897,1687,1
1898,1760,1
1899,1771,1
1900,1783,1
1901,1066,1
1901,1900,1
1902,1235,1
1902,1618,1
1903,1368,1
1904,1712,1
1904,1747,1
1905,1075,1
1905,1158,1
1906,1676,1
1907,1693,1
1907,1786,1
1908,1466,1
1909,1644,1
1909,1757,1
1910,1785,1
1911,1639,1
1912,1219,1
1912,1314,1
1913,1248,1
1913,1730,1
1914,1098,1
1914,1824,1
1915,1665,1
1915,1685,1
1916,1647,1
1917,1868,1
1917,1893,1
1918,1583,1
1918,1691,1
1919,1363,1
1919,1495,1
1920,1416,1
1920,1814,1
1921,1417,1
1921,1711,1
1921,1716,1
1922,1600,1
1923,1419,1
1923,1821,1
1924,1424,1
1924,1885,1
1925,1516,1
1926,1526,1
1928,1272,1
1928,1586,1
1929,1360,1
1929,1682,1
1930,1434,1
1930,1591,1
1930,1638,1
1930,1721,1
1930,1832,1
1931,1550,1
1932,1114,1
1933,1863,1
1934,1289,1
1934,1933,1
1935,1437,1
1935,1933,1
1936,1894,1
1937,1936,1
1938,1542,1
1938,1929,1
1940,1926,1
1940,1939,1
1941,1906,1
1942,1081,1
1942,1130,1
1944,1932,1
1944,1933,1
1945,1725,1
1946,1575,1
1947,1780,1
1948,1105,1
1948,1621,1
1949,1186,1
1949,1524,1
1950,1360,1
1950,1564,1
1950,1775,1
1950,1897,1
1951,1584,1
1951,1855,1
1951,1856,1
1952,1458,1
1952,1836,1
1953,1463,1
1954,1468,1
1954,1614,1
1954,1649,1
1954,1883,1
1955,1145,1
1955,1718,1
1956,1120,1
1956,1160,1
1957,1554,1
1958,1899,1
1959,1090,1
1959,1788,1
1960,1596,1
1960,1899,1
1961,1715,1
1962,1776,1
1963,1419,1
1963,1962,1
1964,1633,1
1964,1823,1
1964,1962,1
1966,1965,1
1967,1695,1
1969,1067,1
1969,1115,1
1970,1608,1
1970,1969,1
1971,1155,1
1972,1601,1
1974,1430,1
1975,1368,1
1975,1723,1
1976,1704,1
1976,1795,1
1977,1726,1
1977,1927,1
1978,1910,1
1979,1523,1
1979,1978,1
1980,1408,1
1980,1510,1
1981,1843,1
1982,1698,1
1983,1408,1
1983,1968,1
1984,1491,1
1985,1578,1
1986,1492,1
1986,1982,1
1987,1442,1
1987,1580,1
1988,1494,1
1989,1206,1
1990,1903,1
1991,1971,1
1992,1257,1
1992,1859,1
1993,1551,1
1993,1879,1
1994,1291,1
1994,1499,1
1994,1993,1
1995,1242,1
1995,1499,1
1995,1993,1
1996,1801,1
1997,1337,1
1997,1729,1
1998,1608,1
1999,1502,1
1999,1761,1
1999,1868,1
1999,1917,1
1999,1943,1
2000,1584,1
2000,1589,1
2000,1855,1
2001,1602,1
2001,1802,1
2002,1060,1
2002,1616,1
2003,1626,1
2003,1702,1
2003,1928,1
2004,1625,1
2006,1828,1
2007,1356,1
2007,1706,1
2008,1747,1
2009,1973,1
2010,1496,1
2010,1973,1
2010,2005,1
2011,1782,1
2011,1813,1
2012,1584,1
2012,1599,1
2012,1951,1
2013,1671,1
2014,1623,1
2015,1165,1
2015,1650,1
2016,1333,1
2016,1425,1
2017,1090,1
2017,1351,1
2018,2017,1
2019,1511,1
2019,1707,1
2019,1965,1
2020,1512,1
2020,1827,1
2020,2019,1
2021,1124,1
2021,1378,1
2022,1513,1
2023,1815,1
2023,1858,1
2025,1741,1
2025,1793,1
2025,2024,1
2026,1990,1
2026,1999,1
2027,1516,1
2027,1940,1
2028,1071,1
2029,1961,1
2029,1962,1
2030,1893,1
2030,1943,1
2031,1523,1
2031,1697,1
2031,1815,1
2032,1769,1
2033,1946,1
2033,2032,1
2034,1829,1
2034,1965,1
2035,1060,1
2035,1644,1
2036,1311,1
2037,1206,1
2037,1681,1
2038,1596,1
2038,1653,1
2038,1958,1
2039,1653,1
2039,1862,1
2040,1545,1
2040,2039,1
2041,1786,1
2041,2032,1
2042,1474,1
2042,1765,1
2043,1605,1
2043,1820,1
2044,1359,1
2045,2044,1
2046,1827,1
2046,2020,1
2047,1885,1
2047,2020,1
2047,2046,1
2048,1592,1
2049,1837,1
2049,1996,1
2050,1186,1
2050,1478,1
2051,1734,1
2051,1977,1
2052,1733,1
2052,1772,1
2053,1573,1
2056,1953,1
2059,2057,1
2060,1307,1
2060,2028,1
2060,2057,1
2061,1104,1
2062,1100,1
2062,1908,1
2063,1147,1
2064,1147,1
2065,1609,1
2067,1643,1
2067,1662,1
2067,1871,1
2068,1649,1
2069,1066,1
2069,1428,1
2070,1842,1
2071,1095,1
2072,1460,1
2073,2072,1
2074,1460,1
2075,1186,1
2075,2004,1
2076,1210,1
2076,1530,1
2077,1446,1
2078,1985,1
2078,2038,1
2079,1842,1
2080,1725,1
2080,1755,1
2080,1927,1
2081,1460,1
2081,2055,1
2083,2082,1
2084,2056,1
2084,2083,1
2085,2082,1
2085,2084,1
2086,1205,1
2086,1478,1
2087,1583,1
2087,1756,1
2088,1760,1
2088,1898,1
2089,1945,1
2089,2054,1
2091,1095,1
2092,1160,1
2092,1639,1
2094,2083,1
2095,1460,1
2095,2079,1
2096,1093,1
2096,1386,1
2097,1323,1
2097,1600,1
2097,1690,1
2097,2065,1
2098,1323,1
2098,1600,1
2098,1861,1
2098,1945,1
2099,1574,1
2099,1623,1
2099,1838,1
2100,1709,1
2101,2070,1
2101,2073,1
2101,2074,1
2104,1378,1
2105,1460,1
2106,1869,1
2106,2058,1
2107,2055,1
2107,2061,1
2107,2094,1
2107,2105,1
2108,1460,1
2108,2073,1
2109,1096,1
2109,2104,1
2110,1549,1
2111,1715,1
2112,1470,1
2113,1410,1
2113,1732,1
2113,2110,1
2114,1945,1
2114,2001,1
2115,1574,1
2115,1623,1
2116,1933,1
2117,1732,1
2117,1961,1
2118,1451,1
2118,1850,1
2119,1451,1
2119,1850,1
2119,1922,1
2119,2054,1
2120,1278,1
2120,1356,1
2120,1489,1
2121,1104,1
2122,1842,1
2122,2101,1
2123,1460,1
2124,1461,1
2124,2063,1
2125,1461,1
2125,2064,1
2126,1528,1
2126,1968,1
2127,2014,1
2127,2102,1
2128,1472,1
2128,1873,1
2129,1472,1
2129,1872,1
2129,2089,1
2130,1602,1
2130,1732,1
2131,1473,1
2133,1972,1
2134,2090,1
2134,2123,1
2135,1093,1
2135,2096,1
2136,1717,1
2137,1953,1
2137,2082,1
2137,2121,1
2138,1309,1
2138,1467,1
2138,1489,1
2139,1101,1
2139,1309,1
2139,1357,1
2139,1489,1
2140,1953,1
2140,2066,1
2140,2137,1
2141,1285,1
2141,1876,1
2142,1554,1
2142,2093,1
2143,1953,1
2143,2085,1
2144,1460,1
2144,2090,1
2145,1887,1
2145,2103,1
2145,2131,1
2145,2132,1
2146,2102,1
2146,2133,1
2147,2146,1
2148,1609,1
2148,1945,1
2149,1817,1
2150,1589,1
2150,1817,1
2150,2149,1
2151,1602,1
2151,1922,1
2151,2054,1
2151,2114,1
2151,2118,1
2153,2128,1
2153,2130,1
2154,2106,1
2154,2133,1
2155,1831,1
2155,2102,1
2156,1321,1
2156,1844,1
2156,2136,1
2157,1484,1
2157,1614,1
2157,1752,1
2157,1887,1
2157,2103,1
2158,1298,1
2158,1532,1
2158,1562,1
2159,1095,1
2159,1386,1
2161,1985,1
2161,2160,1
2162,1742,1
2162,2152,1
2162,2160,1
2163,1664,1
2163,1807,1
2163,2111,1
2164,1181,1
2164,2112,1
2165,2071,1
2166,2071,1
2167,1687,1
2167,1702,1
2169,2159,1
2170,2159,1
2173,1471,1
2173,1530,1
2175,1978,1
2175,2031,1
2175,2174,1
2176,1100,1
2176,1536,1
2177,1928,1
2178,2177,1
2179,1100,1
2179,1489,1
2180,1172,1
2180,1345,1
2181,2180,1
2182,1268,1
2183,1747,1
2183,2178,1
2184,1164,1
2184,1435,1
2185,1309,1
2186,1953,1
2186,2066,1
2187,1953,1
2187,2066,1
2188,1468,1
2188,1471,1
2189,1164,1
2189,1352,1
2190,2091,1
2190,2096,1
2190,2168,1
2191,1311,1
2191,2077,1
2192,1311,1
2192,2171,1
2192,2172,1
2192,2191,1
2193,1413,1
2193,1527,1
2194,1224,1
2194,1713,1
2195,1117,1
2195,1447,1
2196,1930,1
2196,2053,1
2197,2182,1
2198,2185,1
2200,2199,1
2201,2200,1
2202,1506,1
2203,1277,1
2203,2201,1
2204,2199,1
2204,2202,1
2207,802,1
2210,2205,1
2211,2205,1
2212,2210,1
2212,2211,1
2213,395,1
2213,2207,1
2213,2212,1
2222,2221,1
2223,393,1
2223,2221,1
2223,2222,1
2224,2222,1
2228,2226,1
2229,2220,1
2229,2222,1
2229,2223,1
2230,2227,1
2231,396,1
2232,2221,1
2234,2228,1
2235,2223,1
2238,2236,1
2238,2237,1
2242,2241,1
2244,2208,1
2244,2219,1
2249,2242,1
2249,2248,1
2250,2248,1
2251,2249,1
2252,2249,1
2253,2249,1
2256,2247,1
2261,2221,1
2262,2235,1
2262,2258,1
2262,2259,1
2262,2260,1
2263,2230,1
2268,2267,1
2269,2267,1
2270,2267,1
2271,2268,1
2272,2266,1
2275,2273,1
2275,2274,1
2277,2276,1
2281,2254,1
2282,389,1
2282,2212,1
2282,2257,1
2282,2264,1
2282,2281,1
2283,396,1
2283,420,1
2283,2282,1
2284,2280,1
2284,2282,1
2284,2283,1
2285,2239,1
2286,2264,1
2286,2285,1
2288,2217,1
2290,2276,1
2291,2238,1
2292,2255,1
2292,2290,1
2295,2221,1
2298,2235,1
2298,2262,1
2298,2296,1
2298,2297,1
2300,2299,1
2302,2282,1
2303,2256,1
2304,790,1
2304,2282,1
2305,2233,1
2306,2263,1
2306,2265,1
2307,386,1
2308,2246,1
2309,2235,1
2310,2242,1
2310,2305,1
2311,2253,1
2312,520,1
2312,2235,1
2313,2239,1
2314,2225,1
2315,2245,1
2315,2291,1
2316,2288,1
2317,2231,1
2317,2316,1
2320,2278,1
2321,2222,1
2321,2224,1
2321,2314,1
2321,2319,1
2321,2320,1
2322,2321,1
2323,2321,1
2324,2321,1
2325,2240,1
2325,2243,1
2327,2255,1
2327,2318,1
2328,2235,1
2328,2327,1
2329,2326,1
2329,2327,1
2329,2328,1
2330,2307,1
2331,2285,1
2332,2219,1
2332,2244,1
2332,2294,1
2332,2318,1
2333,2267,1
2334,2272,1
2334,2287,1
2335,2243,1
2336,2281,1
2338,2336,1
2341,2289,1
2343,2298,1
2344,69,1
2344,2343,1
2345,2217,1
2346,2218,1
2346,2311,1
2346,2345,1
2347,2218,1
2347,2231,1
2348,2293,1
2348,2303,1
2349,2335,1
2350,2224,1
2350,2349,1
2351,840,1
2352,2327,1
2354,2302,1
2354,2304,1
2355,2242,1
2357,2215,1
2357,2231,1
2357,2263,1
2357,2337,1
2358,2325,1
2359,2227,1
2359,2314,1
2360,2234,1
2361,2233,1
2361,2279,1
2362,2360,1
2363,2340,1
2363,2342,1
2363,2362,1
2364,2262,1
2364,2312,1
2364,2351,1
2364,2363,1
2365,2363,1
2366,2240,1
2366,2319,1
2367,2293,1
2367,2336,1
2368,2238,1
2368,2290,1
2369,2235,1
2369,2298,1
2369,2368,1
2370,2216,1
2370,2249,1
2370,2317,1
2371,2278,1
2371,2335,1
2371,2358,1
2372,2274,1
2372,2282,1
2372,2301,1
2372,2354,1
2373,2219,1
2373,2332,1
2374,2336,1
2375,2282,1
2375,2374,1
2376,2221,1
2376,2356,1
2377,2290,1
2377,2368,1
2378,2374,1
2379,2254,1
2379,2378,1
2380,2327,1
2381,2267,1
2381,2333,1
2382,2206,1
2382,2268,1
2382,2289,1
2382,2294,1
2382,2341,1
2382,2353,1
2382,2381,1
2383,2223,1
2383,2235,1
2383,2309,1
2383,2328,1
2383,2382,1
2384,2382,1
2385,2382,1
2386,2247,1
2386,2378,1
2387,2216,1
2387,2287,1
2387,2355,1
2388,2246,1
2388,2308,1
2388,2309,1
2388,2339,1
2388,2352,1
2388,2353,1
2388,2380,1
2389,2276,1
2389,2332,1
2389,2368,1
2390,2208,1
2392,2285,1
2392,2331,1
2393,395,1
2393,2321,1
2393,2392,1
2394,2391,1
2394,2392,1
2394,2393,1
2395,2382,1
2395,2390,1
2396,2214,1
2396,2238,1
2397,2219,1
2397,2373,1
2398,2382,1
2398,2397,1
2399,2397,1
2400,2397,1
2401,2340,1
2402,2221,1
2402,2356,1
2403,2221,1
2403,2376,1
2404,2225,1
2404,2337,1
2405,2221,1
2405,2232,1
2405,2295,1
2405,2330,1
2405,2392,1
2406,2325,1
2406,2349,1
2407,2257,1
2407,2274,1
2407,2299,1
2407,2300,1
2408,2303,1
2408,2386,1
2409,2233,1
2410,2409,1
2411,2215,1
2411,2355,1
2412,2209,1
2412,2249,1
2413,752,1
2414,753,1
2414,2266,1
2414,2279,1
2414,2413,1
2415,2308,1
2416,2268,1
2416,2415,1
2417,777,1
2417,790,1
2418,2222,1
2418,2384,1
2418,2385,1
2419,2339,1
2419,2382,1
2420,2246,1
2420,2327,1
2421,2245,1
2422,2421,1
2425,2424,1
2426,490,1
2432,2431,1
2436,2434,1
2439,2437,1
2439,2438,1
2443,2441,1
2443,2442,1
2447,1184,1
2449,2439,1
2451,2450,1
2454,2453,1
2457,2447,1
2458,2456,1
2458,2457,1
2459,2425,1
2459,2458,1
2461,2460,1
2463,2462,1
2471,2434,1
2471,2470,1
2475,2474,1
2476,2473,1
2476,2474,1
2477,2473,1
2477,2474,1
2480,2479,1
2481,2479,1
2482,2480,1
2483,2474,1
2485,2426,1
2486,2464,1
2487,2458,1
2489,2428,1
2489,2488,1
2490,2435,1
2493,2472,1
2493,2492,1
2495,2490,1
2496,2485,1
2498,2490,1
2502,2446,1
2502,2501,1
2503,2475,1
2503,2502,1
2505,2484,1
2508,2507,1
2510,2509,1
2511,2509,1
2513,2498,1
2515,2514,1
2517,2516,1
2518,2516,1
2519,2425,1
2519,2475,1
2519,2508,1
2519,2516,1
2521,2443,1
2521,2489,1
2522,2505,1
2524,2434,1
2525,2458,1
2527,2468,1
2528,2486,1
2529,2439,1
2530,2500,1
2531,2530,1
2533,2520,1
2534,2533,1
2536,2535,1
2538,2499,1
2539,2538,1
2542,490,1
2542,2533,1
2543,490,1
2543,2464,1
2543,2486,1
2543,2528,1
2544,2499,1
2544,2538,1
2545,2429,1
2545,2448,1
2548,490,1
2548,2485,1
2548,2537,1
2548,2546,1
2548,2547,1
2549,2528,1
2549,2539,1
2550,2538,1
2551,2452,1
2551,2538,1
2551,2549,1
2551,2550,1
2552,2474,1
2552,2502,1
2554,2529,1
2554,2538,1
2554,2545,1
2555,2479,1
2557,1131,1
2557,2532,1
2558,2459,1
2558,2475,1
2558,2519,1
2558,2557,1
2559,2446,1
2559,2474,1
2559,2483,1
2559,2521,1
2560,2454,1
2561,2452,1
2561,2468,1
2561,2485,1
2561,2494,1
2561,2527,1
2561,2550,1
2562,57,1
2562,81,1
2562,133,1
2564,2534,1
2567,2566,1
2575,2554,1
2575,2574,1
2576,2450,1
2576,2488,1
2578,2433,1
2579,2500,1
2579,2530,1
2580,2579,1
2581,2575,1
2583,2489,1
2583,2541,1
2583,2582,1
2586,2428,1
2586,2436,1
2586,2454,1
2586,2461,1
2586,2489,1
2586,2524,1
2586,2578,1
2586,2585,1
2588,2434,1
2588,2472,1
2588,2493,1
2588,2577,1
2588,2587,1
2590,2432,1
2590,2461,1
2591,2459,1
2591,2475,1
2591,2480,1
2592,2545,1
2592,2575,1
2593,2458,1
2593,2459,1
2593,2567,1
2593,2569,1
2593,2572,1
2594,1308,1
2595,2430,1
2595,2497,1
2595,2514,1
2595,2515,1
2595,2520,1
2595,2533,1
2596,2439,1
2596,2469,1
2596,2554,1
2596,2584,1
2597,2448,1
2597,2575,1
2599,2459,1
2599,2519,1
2599,2598,1
2600,2527,1
2601,2522,1
2601,2575,1
2602,2519,1
2604,2445,1
2604,2504,1
2604,2560,1
2604,2586,1
2605,2594,1
2606,2528,1
2606,2539,1
2606,2605,1
2607,2606,1
2608,2554,1
2608,2584,1
2608,2603,1
2608,2607,1
2609,2504,1
2609,2604,1
2611,2503,1
2611,2523,1
2611,2607,1
2612,2528,1
2612,2532,1
2612,2606,1
2612,2611,1
2613,2508,1
2614,2522,1
2616,2443,1
2616,2509,1
2616,2615,1
2617,2429,1
2617,2456,1
2617,2458,1
2617,2487,1
2617,2522,1
2617,2525,1
2617,2614,1
2618,2605,1
2618,2606,1
2619,2434,1
2620,2563,1
2621,2556,1
2622,2506,1
2623,2434,1
2623,2608,1
2624,2434,1
2624,2608,1
2627,2443,1
2627,2493,1
2627,2509,1
2627,2559,1
2627,2625,1
2627,2626,1
2629,2536,1
2631,2439,1
2632,2487,1
2633,2439,1
2634,2631,1
2636,2531,1
2637,2545,1
2637,2617,1
2638,2435,1
2638,2622,1
2638,2635,1
2639,2439,1
2639,2469,1
2640,2610,1
2641,2521,1
2641,2577,1
2642,2474,1
2643,2492,1
2643,2501,1
2644,2643,1
2645,2473,1
2645,2501,1
2646,2492,1
2647,2645,1
2648,2644,1
2648,2645,1
2648,2646,1
2649,2647,1
2649,2648,1
2651,2608,1
2654,2463,1
2654,2607,1
2655,2426,1
2656,2428,1
2658,2564,1
2659,2534,1
2661,2433,1
2662,2434,1
2666,2569,1
2667,2658,1
2668,2434,1
2668,2662,1
2668,2663,1
2669,2656,1
2670,2435,1
2672,2436,1
2673,2672,1
2674,2585,1
2674,2672,1
2677,2458,1
2677,2565,1
2677,2676,1
2680,490,1
2680,2679,1
2681,2444,1
2682,2439,1
2683,2439,1
2684,2662,1
2685,2444,1
2685,2445,1
2686,2685,1
2687,2449,1
2691,2690,1
2692,2574,1
2693,2657,1
2694,2452,1
2697,2454,1
2698,2434,1
2699,2698,1
2701,2434,1
2701,2536,1
2702,2434,1
2702,2622,1
2703,2458,1
2703,2696,1
2704,2593,1
2705,2662,1
2707,2444,1
2708,2445,1
2709,2455,1
2709,2456,1
2709,2700,1
2710,2585,1
2710,2674,1
2712,2464,1
2713,2464,1
2714,2678,1
2716,2465,1
2717,2450,1
2717,2465,1
2717,2466,1
2717,2467,1
2717,2585,1
2718,2468,1
2719,2450,1
2719,2717,1
2720,2585,1
2720,2717,1
2721,2553,1
2722,2585,1
2723,2469,1
2723,2721,1
2725,2531,1
2726,2531,1
2726,2725,1
2728,2542,1
2729,2427,1
2729,2498,1
2730,2427,1
2730,2490,1
2731,2729,1
2732,2730,1
2733,2575,1
2733,2607,1
2736,2484,1
2737,2736,1
2738,2734,1
2738,2736,1
2738,2737,1
2740,2655,1
2740,2739,1
2741,2485,1
2741,2739,1
2742,2741,1
2743,2485,1
2743,2486,1
2744,2743,1
2745,2703,1
2755,2724,1
2756,2724,1
2757,2722,1
2758,2687,1
2759,2491,1
2759,2659,1
2760,2494,1
2760,2652,1
2760,2740,1
2761,2495,1
2762,2495,1
2763,2495,1
2764,2485,1
2765,2533,1
2765,2542,1
2765,2764,1
2766,2496,1
2766,2655,1
2766,2740,1
2767,2497,1
2768,2767,1
2769,2497,1
2769,2498,1
2770,2769,1
2772,2771,1
2775,2500,1
2776,2500,1
2777,2506,1
2778,2686,1
2779,2724,1
2779,2737,1
2780,2671,1
2780,2771,1
2781,2727,1
2781,2771,1
2781,2780,1
2782,2504,1
2783,2505,1
2784,2783,1
2785,2505,1
2785,2783,1
2785,2784,1
2787,2696,1
2787,2703,1
2787,2786,1
2788,2666,1
2789,2527,1
2789,2620,1
2790,2563,1
2790,2608,1
2791,2544,1
2792,2530,1
2792,2791,1
2793,2447,1
2793,2457,1
2794,2575,1
2794,2607,1
2795,2513,1
2795,2652,1
2795,2670,1
2795,2760,1
2796,2671,1
2798,2797,1
2799,490,1
2799,2664,1
2799,2665,1
2800,2797,1
2800,2798,1
2800,2799,1
2801,2553,1
2802,2506,1
2804,2527,1
2804,2528,1
2805,2804,1
2806,2522,1
2806,2736,1
2807,2522,1
2809,2553,1
2810,2478,1
2810,2515,1
2810,2706,1
2811,2715,1
2812,2574,1
2813,2524,1
2813,2662,1
2813,2684,1
2814,2447,1
2815,2527,1
2816,2431,1
2817,2565,1
2818,2817,1
2819,2662,1
2820,2798,1
2820,2800,1
2821,2533,1
2821,2534,1
2822,2821,1
2823,2533,1
2823,2534,1
2824,2823,1
2825,2655,1
2825,2820,1
2826,2561,1
2827,2735,1
2828,2540,1
2828,2541,1
2828,2827,1
2832,490,1
2832,2543,1
2833,2832,1
2834,490,1
2834,2542,1
2834,2829,1
2835,490,1
2835,2542,1
2835,2830,1
2836,490,1
2836,2542,1
2836,2831,1
2837,2662,1
2837,2691,1
2837,2819,1
2838,2455,1
2838,2724,1
2838,2779,1
2839,2724,1
2839,2779,1
2839,2796,1
2839,2838,1
2840,2706,1
2840,2760,1
2840,2810,1
2841,2537,1
2842,2778,1
2842,2808,1
2843,2544,1
2843,2553,1
2843,2809,1
2844,2544,1
2845,2553,1
2846,2687,1
2846,2723,1
2847,2548,1
2848,2548,1
2849,2550,1
2850,2550,1
2851,2849,1
2851,2850,1
2852,2551,1
2852,2851,1
2853,2550,1
2854,2550,1
2855,2549,1
2856,2549,1
2857,2724,1
2857,2756,1
2857,2779,1
2857,2838,1
2858,2545,1
2858,2846,1
2859,2858,1
2860,2545,1
2860,2846,1
2861,2860,1
2862,2545,1
2862,2846,1
2863,2862,1
2864,2478,1
2864,2810,1
2865,2820,1
2865,2825,1
2866,2819,1
2870,2553,1
2870,2554,1
2871,2553,1
2871,2554,1
2872,2553,1
2872,2554,1
2873,2872,1
2874,2529,1
2874,2553,1
2875,2874,1
2876,2870,1
2877,2871,1
2878,2760,1
2878,2815,1
2878,2840,1
2880,2585,1
2880,2722,1
2881,2697,1
2881,2879,1
2882,2560,1
2882,2880,1
2882,2881,1
2883,2561,1
2883,2740,1
2883,2760,1
2883,2840,1
2883,2878,1
2885,2439,1
2885,2617,1
2886,2617,1
2887,2885,1
2888,2886,1
2889,2585,1
2889,2722,1
2889,2757,1
2889,2880,1
2890,2674,1
2891,2691,1
2892,2564,1
2894,2565,1
2894,2893,1
2895,2568,1
2895,2569,1
2896,2570,1
2896,2704,1
2897,2896,1
2898,2571,1
2898,2572,1
2899,2572,1
2899,2573,1
2900,2561,1
2900,2883,1
2901,2900,1
2902,2578,1
2903,2813,1
2904,2575,1
2905,2575,1
2906,2574,1
2907,2575,1
2908,2553,1
2908,2584,1
2908,2657,1
2908,2693,1
2908,2843,1
2909,2593,1
2909,2594,1
2910,2909,1
2911,2585,1
2911,2586,1
2912,2590,1
2914,2675,1
2914,2851,1
2916,2530,1
2916,2657,1
2916,2792,1
2917,2529,1
2917,2597,1
2917,2874,1
2918,2530,1
2918,2596,1
2918,2657,1
2918,2908,1
2918,2916,1
2920,2538,1
2920,2544,1
2921,2694,1
2922,2553,1
2922,2801,1
2923,2544,1
2923,2791,1
2923,2913,1
2925,2924,1
2926,2916,1
2926,2918,1
2927,2596,1
2927,2918,1
2928,2596,1
2928,2918,1
2929,2926,1
2930,2457,1
2932,2740,1
2932,2841,1
2932,2847,1
2933,2600,1
2934,2596,1
2934,2636,1
2935,2841,1
2935,2932,1
2936,2574,1
2936,2601,1
2936,2687,1
2936,2692,1
2936,2846,1
2937,2851,1
2937,2924,1
2938,2924,1
2938,2937,1
2939,2465,1
2940,2842,1
2941,2565,1
2941,2567,1
2942,2678,1
2942,2691,1
2942,2714,1
2942,2891,1
2943,2603,1
2944,2662,1
2944,2819,1
2944,2837,1
2945,2944,1
2946,2799,1
2947,2799,1
2948,2490,1
2948,2629,1
2949,490,1
2950,2949,1
2952,2542,1
2952,2728,1
2952,2820,1
2952,2825,1
2952,2865,1
2953,2604,1
2953,2605,1
2954,2953,1
2955,2604,1
2956,2444,1
2956,2604,1
2956,2955,1
2957,2711,1
2957,2955,1
2958,2485,1
2958,2548,1
2959,2607,1
2959,2662,1
2959,2819,1
2959,2866,1
2960,2606,1
2960,2608,1
2961,2960,1
2963,2609,1
2963,2962,1
2964,2575,1
2964,2601,1
2965,2640,1
2965,2915,1
2966,2471,1
2966,2619,1
2966,2640,1
2967,2447,1
2967,2781,1
2967,2814,1
2968,2781,1
2968,2967,1
2969,2662,1
2969,2837,1
2970,2614,1
2971,2553,1
2971,2715,1
2971,2811,1
2971,2845,1
2972,2574,1
2972,2692,1
2972,2936,1
2973,2617,1
2973,2722,1
2974,2617,1
2974,2618,1
2975,2974,1
2976,2619,1
2976,2813,1
2976,2867,1
2976,2903,1
2977,2787,1
2977,2814,1
2978,2620,1
2978,2715,1
2978,2971,1
2979,2623,1
2979,2695,1
2980,2624,1
2980,2943,1
2981,2774,1
2981,2842,1
2982,2628,1
2982,2803,1
2983,2814,1
2983,2977,1
2984,2680,1
2985,2984,1
2986,2629,1
2986,2810,1
2986,2878,1
2986,2883,1
2987,2629,1
2989,2488,1
2989,2576,1
2990,2628,1
2990,2984,1
2990,2988,1
2991,2439,1
2991,2463,1
2993,2622,1
2994,2938,1
2995,2553,1
2995,2801,1
2996,2893,1
2997,2542,1
2997,2798,1
2997,2800,1
2997,2951,1
2998,2880,1
2999,2553,1
3000,2893,1
3001,2671,1
3001,2781,1
3002,2773,1
3002,3001,1
3003,2686,1
3003,2774,1
3003,2981,1
3004,2457,1
3004,2671,1
3004,2780,1
3005,2520,1
3005,2533,1
3005,2595,1
3005,2670,1
3007,3006,1
3008,2670,1
3008,3005,1
3009,2727,1
3009,2781,1
3010,2736,1
3010,2806,1
3011,2457,1
3011,2780,1
3011,2967,1
3012,2703,1
3012,2745,1
3012,2793,1
3012,2814,1
3014,2493,1
3014,2577,1
3014,3013,1
3016,2493,1
3016,2502,1
3016,3015,1
3017,2490,1
3017,2494,1
3017,2496,1
3017,2513,1
3017,2534,1
3017,2764,1
3017,2826,1
3018,2846,1
3019,2654,1
3020,2932,1
3021,2694,1
3022,2694,1
3023,2897,1
3024,2660,1
3025,2840,1
3026,2671,1
3026,2796,1
3028,2864,1
3029,2694,1
3033,2936,1
3034,2936,1
3034,3033,1
3035,2952,1
3036,2515,1
3036,2810,1
3038,2851,1
3038,2914,1
3040,2653,1
3041,2740,1
3041,2760,1
3041,2883,1
3041,2932,1
3041,3037,1
3042,2740,1
3042,2932,1
3042,3041,1
3043,2450,1
3043,2576,1
3045,2522,1
3045,3044,1
3047,2522,1
3047,2931,1
3047,3046,1
3048,3027,1
3049,2505,1
3049,2601,1
3049,3027,1
3050,2687,1
3051,2922,1
3052,2973,1
3054,2979,1
3055,2537,1
3055,2548,1
3056,3005,1
3057,2715,1
3058,2884,1
3060,2489,1
3060,2608,1
3061,2725,1
3061,2726,1
3062,2728,1
3063,2959,1
3064,2733,1
3066,2964,1
3067,2702,1
3068,2542,1
3070,3069,1
3071,3024,1
3073,3046,1
3073,3070,1
3073,3072,1
3075,3044,1
3075,3074,1
3076,2783,1
3077,2657,1
3077,2693,1
3078,2499,1
3079,2813,1
3080,2857,1
3081,2746,1
3081,3072,1
3082,2747,1
3083,2748,1
3083,3074,1
3084,2749,1
3084,3069,1
3085,2750,1
3085,3074,1
3086,2751,1
3086,3071,1
3087,2752,1
3088,2753,1
3088,3075,1
3089,2754,1
3089,3070,1
3090,2484,1
3090,2688,1
3091,2484,1
3091,2689,1
3093,2697,1
3094,2444,1
3094,2956,1
3095,2585,1
3095,2880,1
3096,2553,1
3096,2843,1
3096,2908,1
3097,2574,1
3098,2687,1
3098,3050,1
3099,2687,1
3099,2758,1
3100,2766,1
3101,3031,1
3101,3082,1
3101,3090,1
3102,3032,1
3102,3087,1
3102,3091,1
3103,2704,1
3104,2662,1
3104,2837,1
3104,2969,1
3105,2455,1
3105,2724,1
3105,3039,1
3106,2815,1
3107,2986,1
3108,2794,1
3109,2959,1
3109,3063,1
3110,2796,1
3111,2879,1
3111,2881,1
3112,2533,1
3112,2542,1
3112,2765,1
3113,2500,1
3113,2530,1
3113,2579,1
3114,2651,1
3115,2489,1
3115,2603,1
3116,2813,1
3116,3079,1
3117,2879,1
3117,2881,1
3117,3111,1
3118,2993,1
3119,2993,1
3119,3118,1
3120,2864,1
3121,2959,1
3122,2864,1
3122,2987,1
3122,3028,1
3123,2538,1
3124,2538,1
3125,3004,1
3126,2851,1
3126,2852,1
3127,3092,1
3128,2553,1
3128,3030,1
3128,3059,1
3128,3092,1
3128,3123,1
3128,3124,1
3128,3127,1
3129,3030,1
3129,3059,1
3129,3127,1
3129,3128,1
3130,2851,1
3130,2852,1
3130,3126,1
3131,2819,1
3131,2837,1
3131,2944,1
3132,2970,1
3133,2697,1
3134,2697,1
3134,3133,1
3135,2868,1
3135,3046,1
3136,2869,1
3137,3044,1
3137,3071,1
3137,3136,1
3138,2915,1
3140,2938,1
3141,2553,1
3142,2815,1
3143,2671,1
3143,3001,1
3144,3117,1
3145,2692,1
3146,2563,1
3146,2884,1
3147,2563,1
3147,2884,1
3148,2959,1
3148,3063,1
3148,3109,1
3149,2553,1
3149,3128,1
3150,2798,1
3150,2800,1
3151,2800,1
3152,2796,1
3152,2839,1
3153,2878,1
3153,2883,1
3153,2986,1
3154,2545,1
3154,2575,1
3155,2656,1
3156,2851,1
3156,2852,1
3156,2914,1
3156,2937,1
3156,3139,1
3157,2595,1
3157,3005,1
3158,2585,1
3158,2717,1
3159,3065,1
3161,2959,1
3161,3121,1
3163,2927,1
3164,2928,1
3165,3009,1
3166,3072,1
3167,2919,1
3167,3069,1
3168,2807,1
3169,2939,1
3170,2941,1
3171,2693,1
3172,2497,1
3173,2846,1
3173,2936,1
3173,3018,1
3174,2542,1
3174,2932,1
3174,3020,1
3174,3160,1
3175,2797,1
3176,2655,1
3177,2825,1
3178,2655,1
3178,2825,1
3179,2533,1
3179,2595,1
3180,2692,1
3180,3145,1
3181,2530,1
3181,2918,1
3186,2529,1
3186,2874,1
3186,2917,1
3186,3065,1
3186,3159,1
3186,3185,1
3187,2554,1
3187,2633,1
3187,3184,1
3188,2607,1
3188,2653,1
3188,3183,1
3189,2449,1
3189,2886,1
3189,3182,1
3190,2697,1
3190,2881,1
3191,2978,1
3192,2978,1
3193,2737,1
3194,3174,1
3195,2842,1
3196,2991,1
3197,2880,1
3197,2992,1
3197,2998,1
3197,3053,1
3197,3162,1
3198,2815,1
3198,2878,1
3199,2585,1
3199,2710,1
3200,2662,1
3200,2819,1
3200,2944,1
3201,2660,1
3201,3071,1
3202,3065,1
3202,3159,1
3202,3186,1
3203,2977,1
3204,2632,1
3205,2576,1
3206,2446,1
3207,2542,1
3207,2728,1
3208,2641,1
3209,3008,1
3210,2711,1
3211,2798,1
3211,2800,1
3211,2997,1
3212,2643,1
3213,2846,1
3213,3018,1
3213,3173,1
3214,2488,1
3215,2585,1
3215,2674,1
3215,2710,1
3216,2472,1
3217,2476,1
3218,2477,1
3218,3217,1
3219,2483,1
3220,2711,1
3221,2670,1
3221,3005,1
3221,3008,1
3222,2798,1
3222,2800,1
3223,2939,1
3224,2493,1
3225,2493,1
3226,2502,1
3227,2502,1
3228,2455,1
3228,2838,1
3229,2512,1
3230,2880,1
3230,2998,1
3230,3197,1
3231,2515,1
3232,2983,1
3233,2521,1
3234,2526,1
3235,2983,1
3235,3232,1
3236,2644,1
3237,2644,1
3238,2806,1
3238,3010,1
3239,2645,1
3240,2645,1
3241,2936,1
3242,2559,1
3243,2559,1
3244,2465,1
3244,2716,1
3245,2893,1
3245,2996,1
3246,3117,1
3246,3144,1
3247,2577,1
3247,3007,1
3248,2577,1
3249,3122,1
3250,2839,1
3250,3152,1
3251,2589,1
3251,3234,1
3252,2488,1
3252,3214,1
3253,2798,1
3253,2800,1
3254,2646,1
3255,2647,1
3256,2647,1
3257,2647,1
3258,2647,1
3259,2647,1
3260,2647,1
3261,2648,1
3262,2692,1
3263,2711,1
3263,2957,1
3264,3009,1
3265,2728,1
3265,2952,1
3266,2616,1
3266,3229,1
3266,3234,1
3266,3251,1
3267,2787,1
3267,2977,1
3268,2700,1
3269,3008,1
3269,3209,1
3270,2697,1
3270,3133,1
3270,3134,1
3271,2500,1
3272,2630,1
3272,3219,1
3273,2649,1
3274,2649,1
3275,2852,1
3276,2851,1
3276,2852,1
3276,2914,1
3276,3038,1
3276,3275,1
3277,2576,1
3277,3205,1
3278,2852,1
3279,2465,1
3279,2716,1
3279,3244,1
3280,2914,1
3281,2574,1
3281,3097,1
3282,3281,1
3283,2631,1
3283,3188,1
3284,2553,1
3284,2801,1
3284,3030,1
3284,3128,1
3284,3129,1
3284,3141,1
3286,2693,1
3286,2792,1
3286,3171,1
3286,3285,1
3287,2727,1
3288,2611,1
3288,2650,1
3289,2611,1
3289,2650,1
3290,3288,1
3291,3289,1
3292,2552,1
3295,3294,1
3297,3296,1
3299,3298,1
3310,3297,1
3310,3309,1
3312,3311,1
3314,3295,1
3314,3299,1
3314,3313,1
3317,3316,1
3321,3312,1
3323,3322,1
3325,3296,1
3326,3297,1
3328,3321,1
3328,3327,1
3329,3299,1
3331,3323,1
3331,3330,1
3333,3297,1
3333,3310,1
3333,3312,1
3333,3332,1
3334,3294,1
3336,3312,1
3336,3317,1
3336,3335,1
3342,3324,1
3342,3340,1
3342,3341,1
3344,3307,1
3345,3323,1
3348,3347,1
3349,3337,1
3349,3347,1
3351,3312,1
3351,3336,1
3352,3317,1
3355,3315,1
3355,3354,1
3357,3310,1
3357,3356,1
3359,3312,1
3359,3358,1
3360,3320,1
3360,3346,1
3361,3352,1
3361,3360,1
3362,3352,1
3365,3329,1
3365,3352,1
3366,3316,1
3368,3367,1
3369,3368,1
3370,3368,1
3379,3378,1
3380,3378,1
3388,3294,1
3392,3317,1
3393,3317,1
3395,3358,1
3401,3400,1
3402,3347,1
3402,3401,1
3403,3345,1
3410,3406,1
3410,3407,1
3411,3293,1
3411,3408,1
3411,3409,1
3411,3410,1
3413,3342,1
3417,3416,1
3418,3319,1
3420,3307,1
3421,3317,1
3423,3353,1
3425,3423,1
3426,3423,1
3426,3424,1
3429,3337,1
3429,3428,1
3430,3416,1
3431,3373,1
3431,3374,1
3431,3375,1
3431,3416,1
3431,3417,1
3432,3355,1
3432,3376,1
3433,3296,1
3435,3314,1
3435,3331,1
3437,3355,1
3440,3299,1
3441,3299,1
3444,3442,1
3445,3386,1
3446,3300,1
3446,3301,1
3447,3445,1
3448,3445,1
3450,3302,1
3454,3322,1
3454,3453,1
3455,3311,1
3456,3404,1
3457,3456,1
3458,3456,1
3460,3310,1
3462,3461,1
3463,3462,1
3464,3309,1
3464,3463,1
3465,3309,1
3465,3459,1
3465,3462,1
3466,3329,1
3466,3359,1
3467,3306,1
3468,3303,1
3468,3304,1
3468,3305,1
3468,3412,1
3468,3415,1
3468,3467,1
3469,3307,1
3469,3468,1
3470,3307,1
3470,3468,1
3471,3321,1
3472,3329,1
3472,3344,1
3473,3318,1
3474,3308,1
3475,3363,1
3477,3310,1
3478,3310,1
3479,3468,1
3480,3377,1
3481,3480,1
3483,3316,1
3484,3310,1
3484,3312,1
3485,3436,1
3485,3484,1
3486,3353,1
3486,3485,1
3487,3486,1
3488,3293,1
3491,3490,1
3496,3493,1
3497,3319,1
3497,3452,1
3498,3329,1
3498,3488,1
3499,3493,1
3499,3494,1
3499,3497,1
3500,3493,1
3500,3495,1
3500,3497,1
3501,3494,1
3501,3495,1
3501,3497,1
3502,3414,1
3502,3467,1
3503,3467,1
3506,3296,1
3506,3505,1
3510,3507,1
3511,3509,1
3512,3510,1
3512,3511,1
3513,3508,1
3513,3511,1
3515,3498,1
3516,3371,1
3517,3411,1
3519,3411,1
3520,3517,1
3523,3370,1
3525,3497,1
3525,3524,1
3526,3468,1
3527,3438,1
3527,3467,1
3528,3422,1
3529,3341,1
3529,3434,1
3531,3530,1
3532,3420,1
3534,3400,1
3536,3316,1
3536,3482,1
3538,3298,1
3538,3537,1
3540,3307,1
3542,3320,1
3544,3473,1
3545,3449,1
3545,3489,1
3546,3320,1
3547,3320,1
3550,3503,1
3550,3514,1
3551,3414,1
3551,3514,1
3552,3294,1
3553,1,1
3553,3422,1
3554,3401,1
3556,3544,1
3557,3316,1
3557,3521,1
3558,3299,1
3558,3329,1
3560,3486,1
3560,3512,1
3561,3328,1
3561,3351,1
3562,3383,1
3562,3542,1
3563,3353,1
3563,3511,1
3564,3324,1
3564,3434,1
3564,3512,1
3564,3563,1
3565,3399,1
3565,3418,1
3567,3371,1
3567,3436,1
3567,3485,1
3568,3296,1
3569,3355,1
3571,3522,1
3572,3325,1
3573,3319,1
3573,3343,1
3574,3319,1
3574,3343,1
3576,3326,1
3577,3568,1
3577,3576,1
3578,3576,1
3579,3364,1
3579,3559,1
3580,3308,1
3580,3330,1
3580,3389,1
3581,3330,1
3582,3329,1
3583,2,1
3583,3343,1
3584,3517,1
3585,3584,1
3586,1,1
3586,3329,1
3587,1,1
3587,3329,1
3588,3438,1
3588,3569,1
3589,3572,1
3589,3575,1
3590,3356,1
3590,3439,1
3591,3384,1
3591,3468,1
3592,3468,1
3593,3293,1
3593,3312,1
3596,3308,1
3597,3596,1
3598,3351,1
3598,3471,1
3600,3426,1
3601,3355,1
3601,3570,1
3601,3571,1
3604,3541,1
3605,3555,1
3605,3603,1
3606,3605,1
3607,3320,1
3608,3371,1
3608,3427,1
3609,3400,1
3609,3555,1
3610,3315,1
3610,3431,1
3611,3604,1
3612,3352,1
3612,3548,1
3612,3582,1
3613,3468,1
3614,3442,1
3614,3468,1
3615,3451,1
3615,3591,1
3616,3332,1
3616,3506,1
3617,3545,1
3618,3545,1
3619,3429,1
3620,3316,1
3620,3467,1
3621,3371,1
3621,3455,1
3622,3301,1
3622,3345,1
3623,3427,1
3623,3523,1
3624,3590,1
3625,3315,1
3625,3398,1
3625,3583,1
3626,3412,1
3626,3497,1
3627,3307,1
3627,3419,1
3627,3498,1
3628,3337,1
3628,3599,1
3629,3334,1
3631,3302,1
3631,3630,1
3632,3312,1
3632,3321,1
3634,3338,1
3635,3634,1
3637,1,1
3637,3525,1
3637,3636,1
3638,3343,1
3638,3355,1
3639,3343,1
3641,3640,1
3643,3339,1
3645,3309,1
3645,3644,1
3646,3453,1
3647,3343,1
3647,3344,1
3648,3343,1
3648,3344,1
3649,3618,1
3650,3492,1
3651,3554,1
3651,3650,1
3652,3307,1
3652,3352,1
3653,3541,1
3654,3308,1
3654,3539,1
3654,3581,1
3655,3353,1
3655,3564,1
3656,3315,1
3656,3396,1
3656,3397,1
3656,3639,1
3657,3433,1
3657,3572,1
3658,3405,1
3659,3343,1
3659,3415,1
3660,3603,1
3661,3347,1
3661,3609,1
3662,3592,1
3662,3613,1
3663,3349,1
3663,3456,1
3663,3651,1
3665,3437,1
3665,3526,1
3666,3410,1
3666,3518,1
3667,3541,1
3668,3322,1
3669,3611,1
3669,3649,1
3670,3532,1
3671,3351,1
3671,3421,1
3672,3302,1
3672,3337,1
3673,3350,1
3673,3351,1
3674,3350,1
3674,3351,1
3675,3399,1
3675,3491,1
3675,3553,1
3675,3565,1
3676,3411,1
3676,3418,1
3677,3319,1
3677,3410,1
3678,3347,1
3678,3641,1
3679,3487,1
3680,3679,1
3681,3679,1
3682,3404,1
3682,3661,1
3683,3356,1
3683,3633,1
3684,3413,1
3684,3484,1
3685,3683,1
3686,3401,1
3686,3658,1
3688,3350,1
3689,3351,1
3690,3390,1
3691,3690,1
3692,3308,1
3692,3552,1
3692,3691,1
3693,3313,1
3693,3597,1
3694,3391,1
3695,3431,1
3695,3432,1
3695,3694,1
3696,3504,1
3697,3312,1
3697,3331,1
3697,3696,1
3698,3321,1
3698,3689,1
3699,3480,1
3699,3675,1
3700,3350,1
3700,3514,1
3701,3350,1
3701,3514,1
3702,3351,1
3702,3670,1
3703,3530,1
3703,3536,1
3705,3330,1
3705,3619,1
3705,3704,1
3706,3533,1
3706,3549,1
3707,3706,1
3708,3301,1
3708,3556,1
3708,3707,1
3709,3346,1
3709,3394,1
3709,3607,1
3710,3449,1
3710,3476,1
3712,3410,1
3712,3711,1
3713,3327,1
3713,3711,1
3714,3355,1
3715,3355,1
3716,3355,1
3716,3365,1
3717,3535,1
3717,3542,1
3718,3576,1
3719,3566,1
3719,3599,1
3719,3602,1
3721,3635,1
3722,3332,1
3722,3356,1
3722,3631,1
3722,3633,1
3722,3645,1
3722,3683,1
3722,3721,1
3723,3356,1
3723,3685,1
3724,3317,1
3724,3540,1
3725,3358,1
3725,3359,1
3726,3358,1
3726,3585,1
3726,3594,1
3726,3664,1
3727,3358,1
3727,3491,1
3727,3595,1
3728,3687,1
3729,3347,1
3729,3728,1
3730,3360,1
3731,3568,1
3731,3576,1
3732,3504,1
3732,3621,1
3733,3426,1
3733,3486,1
3734,3494,1
3735,3495,1
3736,3607,1
3737,3445,1
3737,3446,1
3737,3489,1
3737,3720,1
3738,3511,1
3738,3600,1
3739,3483,1
3739,3522,1
3740,3327,1
3740,3382,1
3740,3443,1
3741,3538,1
3741,3629,1
3742,3328,1
3742,3515,1
3743,3661,1
3744,3562,1
3745,3667,1
3745,3668,1
3746,3537,1
3747,3403,1
3748,3403,1
3748,3747,1
3754,3753,1
3755,3753,1
3757,3756,1
3759,3758,1
3761,3760,1
3762,3750,1
3762,3751,1
3764,3762,1
3765,3763,1
3766,3763,1
3767,3750,1
3769,483,1
3769,692,1
3770,113,1
3770,3769,1
3772,3771,1
3773,3752,1
3774,3753,1
3776,3775,1
3777,3775,1
3778,3749,1
3778,3755,1
3781,726,1
3781,3779,1
3781,3780,1
3782,3770,1
3783,3771,1
3784,3754,1
3784,3761,1
3784,3783,1
3785,3781,1
3785,3783,1
3785,3784,1
3787,3785,1
3787,3786,1
3788,3761,1
3788,3762,1
3789,3763,1
3789,3787,1
3790,3780,1
3792,3757,1
3792,3758,1
3792,3775,1
3792,3791,1
3793,3750,1
3793,3751,1
3794,3793,1
3795,3773,1
3795,3794,1
3797,3774,1
3797,3776,1
3797,3777,1
3797,3784,1
3797,3796,1
3798,3781,1
3798,3785,1
3799,3796,1
3800,3797,1
3801,3766,1
3801,3781,1
3802,3795,1
3803,3802,1
3804,3752,1
3804,3802,1
3807,3806,1
3809,3775,1
3811,3810,1
3813,3812,1
3816,3779,1
3817,3816,1
3819,3815,1
3821,3810,1
3821,3815,1
3822,3792,1
3823,3822,1
3825,3771,1
3825,3824,1
3828,3827,1
3830,3829,1
3831,3811,1
3831,3814,1
3832,3830,1
3833,3832,1
3835,3834,1
3836,3783,1
3837,3829,1
3838,3766,1
3838,3767,1
3838,3768,1
3838,3806,1
3838,3813,1
3839,3838,1
3840,3838,1
3841,3783,1
3842,3783,1
3842,3824,1
3843,3812,1
3843,3840,1
3844,3807,1
3844,3838,1
3844,3843,1
3847,3771,1
3847,3846,1
3849,3815,1
3849,3831,1
3850,3834,1
3851,3779,1
3851,3850,1
3853,3852,1
3854,3796,1
3855,3779,1
3855,3834,1
3856,3827,1
3856,3853,1
3857,3786,1
3857,3809,1
3859,3847,1
3859,3858,1
3861,3853,1
3862,3838,1
3863,3774,1
3863,3805,1
3863,3826,1
3863,3834,1
3863,3851,1
3864,3805,1
3864,3811,1
3864,3863,1
3866,3865,1
3868,3783,1
3868,3859,1
3870,3781,1
3870,3782,1
3870,3869,1
3871,3779,1
3872,3845,1
3872,3867,1
3873,3845,1
3874,3873,1
3875,3808,1
3876,3796,1
3877,3796,1
3877,3876,1
3878,3875,1
3879,3783,1
3879,3834,1
3880,3818,1
3881,3822,1
3882,3881,1
3883,3758,1
3885,3884,1
3886,3786,1
3887,3796,1
3888,3854,1
3888,3887,1
3889,3817,1
3890,3817,1
3890,3887,1
3891,3786,1
3892,3875,1
3893,3779,1
3893,3823,1
3894,3808,1
3895,3788,1
3895,3789,1
3895,3829,1
3895,3830,1
3895,3837,1
3895,3848,1
3895,3867,1
3895,3872,1
3895,3874,1
3896,3786,1
3896,3820,1
3898,3812,1
3898,3897,1
3900,3829,1
3900,3895,1
3900,3899,1
3901,3807,1
3901,3862,1
3902,3860,1
3902,3891,1
3903,3825,1
3903,3860,1
3903,3874,1
3903,3902,1
3904,3793,1
3904,3865,1
3904,3866,1
3904,3878,1
3904,3884,1
3904,3885,1
3904,3894,1
3905,3785,1
3905,3904,1
3906,3838,1
3906,3866,1
3907,3836,1
3907,3863,1
3908,3814,1
3908,3826,1
3909,3888,1
3909,3890,1
3910,3883,1
3911,3872,1
3912,3823,1
3912,3855,1
3913,3823,1
3914,3861,1
3914,3885,1
3915,3871,1
3915,3893,1
3916,3796,1
3916,3871,1
3916,3877,1
3916,3881,1
3917,3882,1
3917,3910,1
3917,3916,1
3918,3801,1
3918,3826,1
3918,3836,1
3918,3898,1
3918,3911,1
3919,3833,1
3919,3895,1
3920,3848,1
3920,3895,1
3921,3775,1
3921,3809,1
3922,3775,1
3922,3792,1
3922,3913,1
3923,3839,1
3923,3897,1
3924,3923,1
3925,3880,1
3925,3901,1
3925,3908,1
3926,3762,1
3927,3848,1
3927,3895,1
3927,3903,1
3928,3802,1
3928,3804,1
3929,3873,1
3930,3757,1
3930,3809,1
3931,3757,1
3931,3930,1
3932,3749,1
3932,3762,1
3933,3897,1
3933,3918,1
3934,3796,1
3935,3762,1
3935,3788,1
3936,3752,1
3936,3802,1
3937,3790,1
3937,3797,1
3938,3766,1
3938,3803,1
3938,3892,1
3939,3798,1
3940,3798,1
3941,3798,1
3943,3768,1
3943,3778,1
3943,3942,1
3944,3802,1
3944,3827,1
3945,3809,1
3946,3763,1
3950,3949,1
3956,3948,1
3957,3956,1
3959,3958,1
3962,3960,1
3962,3961,1
3963,3956,1
3965,3957,1
3965,3964,1
3966,3954,1
3969,3955,1
3969,3967,1
3969,3968,1
3971,3969,1
3971,3970,1
3972,3970,1
3973,3947,1
3975,3950,1
3975,3951,1
3978,3948,1
3979,3957,1
3979,3959,1
3979,3976,1
3979,3977,1
3979,3978,1
3980,3951,1
3980,3979,1
3982,518,1
3983,3953,1
3983,3981,1
3984,3973,1
3985,3966,1
3985,3984,1
3986,3985,1
3987,426,1
3987,3985,1
3989,3957,1
3991,3990,1
3992,3972,1
3994,3975,1
3995,3954,1
3995,3973,1
3997,3959,1
3997,3996,1
3998,3949,1
3999,3958,1
3999,3963,1
4000,3953,1
4000,3983,1
4001,4000,1
4002,3965,1
4003,3991,1
4004,3962,1
4005,3972,1
4006,3988,1
4007,4006,1
4008,3957,1
4008,3959,1
4011,3959,1
4012,3948,1
4012,3992,1
4013,3992,1
4016,3958,1
4016,3996,1
4017,4011,1
4018,4009,1
4020,3979,1
4020,4000,1
4020,4002,1
4020,4019,1
4021,3992,1
4022,2717,1
4023,2717,1
4023,3960,1
4024,2939,1
4025,3990,1
4025,4015,1
4026,4024,1
4027,3979,1
4028,4005,1
4028,4012,1
4029,3971,1
4029,4000,1
4029,4014,1
4029,4028,1
4030,4001,1
4031,3957,1
4031,4029,1
4031,4030,1
4032,4029,1
4033,3993,1
4033,4015,1
4033,4026,1
4034,3960,1
4034,4003,1
4034,4022,1
4034,4033,1
4035,2342,1
4035,3982,1
4036,4004,1
4036,4010,1
4037,4009,1
4037,4018,1
4038,3981,1
4038,4014,1
4038,4036,1
4038,4037,1
4039,4030,1
4039,4036,1
4040,3952,1
4041,3966,1
4041,4030,1
4041,4040,1
4042,4041,1
4043,4041,1
4045,3961,1
4045,4044,1
4046,4009,1
4046,4045,1
4047,3962,1
4047,4002,1
4047,4010,1
4048,3988,1
4049,4007,1
4049,4040,1
4049,4048,1
4050,3998,1
4052,4051,1
4053,4050,1
4053,4051,1
4055,3955,1
4055,4054,1
4056,3955,1
4056,4007,1
4057,4034,1
4058,4015,1
4058,4057,1
4060,4059,1
4061,4059,1
4062,3954,1
4062,4061,1
4063,3966,1
4063,4060,1
4064,3954,1
4064,3966,1
4065,3995,1
4065,4060,1
4066,4041,1
4066,4065,1
4067,3982,1
4068,3994,1
4068,4067,1
4069,4052,1
4070,4052,1
4071,4060,1
4072,3971,1
4073,4072,1
4074,4073,1
4075,4073,1
4076,4073,1
4078,3974,1
4078,3986,1
4078,4077,1
4079,4009,1
4080,4029,1
4080,4036,1
4080,4038,1
4080,4047,1
4080,4079,1
4084,4082,1
4084,4083,1
4086,4081,1
4086,4084,1
4086,4085,1
4089,4088,1
4090,4084,1
4090,4086,1
4092,4091,1
4099,2556,1
4099,4084,1
4101,4100,1
4102,4093,1
4104,4103,1
4105,4069,1
4105,4070,1
4105,4095,1
4106,4096,1
4106,4105,1
4107,4106,1
4109,4106,1
4109,4108,1
4110,4099,1
4111,481,1
4112,129,1
4112,4111,1
4113,475,1
4114,4113,1
4116,4092,1
4118,4117,1
4120,108,1
4120,522,1
4120,4119,1
4121,4090,1
4121,4110,1
4124,4118,1
4124,4122,1
4124,4123,1
4128,4125,1
4128,4126,1
4128,4127,1
4129,2440,1
4129,2562,1
4131,4130,1
4133,4132,1
4135,4134,1
4136,4097,1
4138,4110,1
4138,4134,1
4138,4137,1
4143,4121,1
4143,4140,1
4143,4141,1
4143,4142,1
4144,4106,1
4145,526,1
4146,4144,1
4146,4145,1
4147,4098,1
4147,4106,1
4148,2440,1
4148,4114,1
4149,4114,1
4150,4121,1
4151,4102,1
4151,4139,1
4151,4147,1
4152,4094,1
4152,4103,1
4152,4151,1
4154,4118,1
4154,4138,1
4154,4153,1
4156,4110,1
4156,4132,1
4156,4154,1
4156,4155,1
4157,4137,1
4158,4134,1
4159,4118,1
4159,4154,1
4160,4090,1
4162,4086,1
4162,4138,1
4162,4158,1
4162,4161,1
4163,4119,1
4163,4152,1
4164,570,1
4164,4120,1
4164,4163,1
4165,4152,1
4166,4087,1
4168,4167,1
4169,4167,1
4171,4147,1
4171,4170,1
4172,2621,1
4172,4087,1
4172,4099,1
4172,4115,1
4172,4162,1
4173,474,1
4173,4111,1
4173,4149,1
4174,4164,1
4175,4139,1
4176,4175,1
4179,842,1
4179,4120,1
4179,4164,1
4179,4177,1
4179,4178,1
4181,4166,1
4182,4180,1
4183,4182,1
4184,4107,1
4185,4184,1
4186,4128,1
4187,4089,1
4187,4115,1
4187,4180,1
4188,4089,1
4188,4166,1
4188,4187,1
4189,4092,1
4193,4154,1
4193,4162,1
4193,4172,1
4193,4190,1
4193,4191,1
4193,4192,1
4194,4156,1
4194,4172,1
4196,4131,1
4196,4167,1
4196,4180,1
4196,4187,1
4196,4195,1
4199,3763,1
4199,3785,1
4199,3803,1
4199,3905,1
4199,4197,1
4199,4198,1
4200,4097,1
4201,4111,1
4201,4128,1
4202,4121,1
4202,4150,1
4202,4199,1
4203,4187,1
4204,4147,1
4204,4171,1
4206,4101,1
4206,4160,1
4206,4199,1
4207,4164,1
4207,4174,1
4207,4206,1
4208,4092,1
4208,4166,1
4209,4151,1
4210,4181,1
4211,564,1
4211,4115,1
4211,4133,1
4211,4187,1
4212,4151,1
4213,4112,1
4213,4207,1
4214,4166,1
4214,4189,1
4215,4151,1
4216,4163,1
4216,4215,1
4217,4090,1
4217,4160,1
4217,4206,1
4218,4087,1
4218,4172,1
4218,4187,1
4218,4194,1
4218,4205,1
4219,2543,1
4219,4164,1
4219,4218,1
4221,4111,1
4221,4128,1
4221,4201,1
4221,4220,1
4222,4097,1
4222,4136,1
4222,4221,1
4223,4157,1
4224,4138,1
4225,4103,1
4226,4182,1
4227,4101,1
4227,4199,1
4228,4157,1
4229,4157,1
4230,4158,1
4231,4158,1
4232,4158,1
4233,4157,1
4234,4193,1
4235,4203,1
4236,4203,1
4238,4137,1
4239,4117,1
4240,4117,1
4241,4100,1
4242,4155,1
4243,4110,1
4243,4237,1
4244,4100,1
4245,4097,1
4246,4097,1
4247,4246,1
4248,4246,1
4249,4155,1
4251,4161,1
4252,4127,1
4253,4153,1
4254,4195,1
4256,4203,1
4257,4195,1
4258,4155,1
4259,4137,1
4260,4100,1
4261,4203,1
4262,4203,1
4264,4214,1
4264,4255,1
4264,4263,1
4265,2621,1
4265,4250,1
4266,4195,1
4267,4087,1
4268,4111,1
4269,4160,1
4270,4224,1
4271,4224,1
4272,4224,1
4273,4224,1
4274,4224,1
4275,4224,1
4279,4094,1
4279,4276,1
4279,4277,1
4279,4278,1
4280,4175,1
4281,4098,1
4282,4098,1
4283,4098,1
4284,4188,1
4285,4093,1
4285,4119,1
4286,4204,1
4287,4204,1
4288,4165,1
4289,4165,1
4290,4180,1
4291,4279,1
4292,4291,1
4293,4291,1
4294,4291,1
4295,4181,1
4296,4181,1
4297,4181,1
4298,4181,1
4299,4088,1
4300,4186,1
4301,4218,1
4302,4301,1
4303,4301,1
4304,4202,1
4305,4102,1
4305,4212,1
4306,4102,1
4307,4305,1
4308,4209,1
4309,4209,1
4310,4209,1
4311,4209,1
4312,4209,1
4313,4210,1
4314,4210,1
4315,4210,1
4316,4210,1
4317,2556,1
4317,2621,1
4317,4101,1
4317,4128,1
4317,4174,1
4317,4186,1
4317,4221,1
4318,4299,1
4319,4299,1
4320,4114,1
4321,4284,1
4322,4284,1
4323,4129,1
4324,4129,1
4325,4148,1
4326,4149,1
4331,4328,1
4331,4329,1
4335,4332,1
4335,4334,1
4336,4332,1
4340,4332,1
4340,4333,1
4340,4339,1
4341,321,1
4342,4327,1
4342,4336,1
4342,4338,1
4345,4336,1
4345,4342,1
4345,4343,1
4346,4328,1
4346,4336,1
4346,4345,1
4347,4332,1
4347,4335,1
4347,4336,1
4347,4345,1
4351,4350,1
4352,4344,1
4355,4333,1
4357,4333,1
4357,4340,1
4357,4346,1
4357,4356,1
4359,4333,1
4359,4351,1
4359,4358,1
4360,4346,1
4361,4336,1
4361,4343,1
4361,4345,1
4362,253,1
4363,4352,1
4363,4362,1
4364,4358,1
4364,4359,1
4365,4342,1
4365,4345,1
4367,4366,1
4368,4342,1
4368,4345,1
4368,4365,1
4368,4367,1
4369,4363,1
4370,4363,1
4371,4359,1
4371,4364,1
4372,4359,1
4372,4361,1
4372,4364,1
4372,4365,1
4372,4371,1
4373,4336,1
4373,4343,1
4373,4345,1
4373,4361,1
4373,4364,1
4373,4365,1
4373,4372,1
4374,4341,1
4374,4352,1
4374,4367,1
4374,4369,1
4374,4370,1
4375,4327,1
4375,4342,1
4375,4368,1
4376,4341,1
4376,4352,1
4376,4367,1
4376,4374,1
4377,4329,1
4377,4346,1
4377,4353,1
4377,4357,1
4380,4359,1
4380,4371,1
4380,4379,1
4381,4332,1
4381,4335,1
4381,4336,1
4381,4345,1
4381,4346,1
4381,4347,1
4381,4352,1
4381,4375,1
4383,4333,1
4383,4359,1
4383,4364,1
4384,4344,1
4384,4352,1
4384,4374,1
4384,4376,1
4385,4332,1
4385,4344,1
4385,4384,1
4386,4337,1
4386,4384,1
4387,4327,1
4388,4359,1
4391,4332,1
4391,4333,1
4391,4355,1
4391,4372,1
4391,4383,1
4391,4389,1
4391,4390,1
4392,4327,1
4392,4352,1
4392,4367,1
4392,4369,1
4392,4370,1
4392,4374,1
4392,4376,1
4392,4384,1
4395,4333,1
4395,4336,1
4395,4340,1
4395,4345,1
4395,4361,1
4395,4372,1
4395,4373,1
4395,4383,1
4395,4391,1
4395,4393,1
4396,4353,1
4396,4373,1
4396,4391,1
4396,4394,1
4396,4395,1
4397,4371,1
4397,4382,1
4398,4332,1
4398,4335,1
4398,4347,1
4398,4352,1
4398,4381,1
4399,4343,1
4399,4365,1
4399,4382,1
4400,4332,1
4400,4340,1
4401,4330,1
4401,4344,1
4401,4352,1
4401,4384,1
4401,4392,1
4402,4332,1
4402,4335,1
4402,4337,1
4402,4347,1
4402,4349,1
4402,4381,1
4402,4384,1
4402,4386,1
4402,4398,1
4402,4401,1
4403,4355,1
4403,4383,1
4404,4342,1
4404,4354,1
4404,4367,1
4404,4368,1
4405,4361,1
4405,4373,1
4406,4345,1
4406,4361,1
4407,4331,1
4407,4346,1
4407,4357,1
4408,4344,1
4408,4352,1
4408,4381,1
4408,4384,1
4408,4401,1
4409,4345,1
4409,4360,1
4410,4327,1
4410,4354,1
4410,4392,1
4410,4404,1
4411,4342,1
4411,4368,1
4412,4353,1
4412,4373,1
4413,4332,1
4413,4344,1
4413,4352,1
4413,4384,1
4413,4385,1
4413,4401,1
4413,4408,1
4414,4404,1
4415,263,1
4415,4378,1
4415,4386,1
4416,4351,1
4416,4358,1
4416,4359,1
4416,4371,1
4416,4380,1
4417,4346,1
4417,4348,1
4417,4357,1
4418,4346,1
4418,4361,1
4419,4345,1
4419,4361,1
4421,4420,1
4423,238,1
4424,4422,1
4425,353,1
4426,354,1
4428,326,1
4429,4427,1
4430,4426,1
4431,309,1
4432,4422,1
4433,4431,1
4435,290,1
4435,4421,1
4435,4432,1
4435,4434,1
4436,4421,1
4436,4435,1
4437,1119,1
4439,4436,1
4439,4437,1
4439,4438,1
4441,4437,1
4441,4439,1
4441,4440,1
4442,4421,1
4442,4436,1
4442,4441,1
4443,4427,1
4443,4442,1
4444,830,1
4445,22,1
4445,2562,1
4446,23,1
4446,84,1
4446,91,1
4446,475,1
4446,493,1
4448,49,1
4448,85,1
4448,521,1
4448,2562,1
4448,4445,1
4448,4447,1
4454,4451,1
4454,4452,1
4455,4453,1
4456,4455,1
4457,843,1
4458,514,1
4458,521,1
4458,569,1
4458,829,1
4458,837,1
4458,856,1
4458,2440,1
4458,4119,1
4458,4444,1
4458,4448,1
4458,4454,1
4458,4455,1
4458,4457,1
4459,99,1
4459,4458,1
4461,24,1
4461,84,1
4461,132,1
4461,2562,1
4461,4446,1
4461,4460,1
4462,826,1
4462,4444,1
4462,4449,1
4462,4450,1
4463,4458,1
4464,4458,1
4465,4458,1
4466,4458,1
4474,4473,1
4475,4471,1
4476,3362,1
4476,4474,1
4477,4476,1
4478,3378,1
4479,4478,1
4481,4480,1
4483,4482,1
4485,4467,1
4485,4468,1
4485,4478,1
4485,4480,1
4487,4486,1
4491,2423,1
4492,4491,1
4496,4485,1
4499,4498,1
4500,4490,1
4500,4498,1
4501,4483,1
4501,4500,1
4503,4502,1
4506,4505,1
4507,2241,1
4507,4469,1
4508,4473,1
4509,3363,1
4509,4489,1
4510,4493,1
4514,4513,1
4517,4516,1
4518,4512,1
4520,4519,1
4521,4520,1
4522,4504,1
4526,4469,1
4528,4527,1
4529,4488,1
4530,4485,1
4533,4486,1
4535,2248,1
4535,4507,1
4535,4534,1
4536,2248,1
4540,4484,1
4541,4534,1
4542,4508,1
4542,4531,1
4543,4492,1
4545,4523,1
4545,4528,1
4546,4506,1
4547,4497,1
4547,4533,1
4549,4548,1
4550,4486,1
4552,2409,1
4553,4467,1
4553,4495,1
4554,4516,1
4554,4522,1
4559,4475,1
4561,4503,1
4561,4557,1
4562,4488,1
4563,2423,1
4565,4564,1
4567,4537,1
4567,4566,1
4568,4553,1
4570,3364,1
4571,4570,1
4573,2249,1
4573,4572,1
4574,4477,1
4574,4573,1
4575,4508,1
4576,4549,1
4579,4524,1
4579,4544,1
4579,4555,1
4580,4491,1
4581,4513,1
4582,3352,1
4582,4492,1
4582,4581,1
4584,4491,1
4584,4551,1
4585,4515,1
4586,4551,1
4587,4585,1
4588,4487,1
4588,4540,1
4589,4504,1
4589,4585,1
4589,4586,1
4590,4471,1
4590,4482,1
4592,4520,1
4592,4555,1
4594,4574,1
4595,4574,1
4596,4494,1
4596,4532,1
4597,4519,1
4597,4538,1
4598,4513,1
4598,4579,1
4600,4505,1
4601,4485,1
4602,4469,1
4602,4564,1
4602,4565,1
4603,3331,1
4605,4473,1
4605,4604,1
4606,4497,1
4606,4547,1
4607,4512,1
4608,4607,1
4610,4489,1
4611,4531,1
4611,4593,1
4611,4602,1
4612,4562,1
4613,4468,1
4613,4512,1
4614,4516,1
4614,4570,1
4616,4493,1
4617,4473,1
4617,4503,1
4618,4534,1
4619,4605,1
4620,4520,1
4620,4522,1
4621,4570,1
4621,4577,1
4622,4560,1
4622,4562,1
4622,4583,1
4623,4583,1
4624,4550,1
4624,4600,1
4625,4619,1
4626,4469,1
4626,4510,1
4627,4552,1
4628,3643,1
4628,4476,1
4628,4571,1
4630,4607,1
4631,2241,1
4631,4536,1
4632,2409,1
4633,4621,1
4634,2355,1
4635,4592,1
4636,4508,1
4636,4610,1
4637,4569,1
4637,4619,1
4638,4548,1
4639,4470,1
4640,4565,1
4641,4602,1
4641,4640,1
4642,4637,1
4643,4511,1
4643,4557,1
4643,4615,1
4644,4608,1
4644,4643,1
4645,4641,1
4646,4473,1
4648,4490,1
4648,4549,1
4648,4556,1
4649,2409,1
4649,4627,1
4650,4531,1
4651,4532,1
4651,4541,1
4651,4569,1
4652,2249,1
4652,4474,1
4652,4552,1
4652,4573,1
4652,4644,1
4652,4651,1
4653,4629,1
4654,4523,1
4654,4601,1
4654,4615,1
4654,4653,1
4655,3336,1
4655,4479,1
4655,4481,1
4655,4608,1
4656,4574,1
4656,4655,1
4657,4590,1
4659,4495,1
4659,4524,1
4659,4581,1
4660,2387,1
4660,4493,1
4660,4506,1
4660,4658,1
4661,4517,1
4661,4577,1
4662,4476,1
4662,4543,1
4662,4628,1
4662,4661,1
4664,4509,1
4664,4633,1
4664,4663,1
4665,4591,1
4666,4554,1
4667,4567,1
4668,4645,1
4669,4491,1
4669,4515,1
4670,4556,1
4671,4472,1
4672,4630,1
4673,4534,1
4674,4499,1
4674,4647,1
4674,4671,1
4675,4542,1
4675,4646,1
4676,4470,1
4676,4528,1
4676,4672,1
4677,3360,1
4677,4560,1
4678,3361,1
4678,4476,1
4678,4677,1
4679,4562,1
4679,4568,1
4683,4616,1
4683,4634,1
4683,4682,1
4684,4563,1
4684,4677,1
4686,4525,1
4686,4537,1
4686,4609,1
4686,4667,1
4686,4685,1
4687,4530,1
4687,4657,1
4688,4484,1
4688,4660,1
4689,4639,1
4689,4670,1
4690,4608,1
4690,4689,1
4691,4518,1
4691,4689,1
4694,4588,1
4694,4692,1
4695,2414,1
4695,4693,1
4695,4694,1
4696,4512,1
4699,4520,1
4699,4697,1
4699,4698,1
4700,4546,1
4700,4558,1
4700,4658,1
4701,4554,1
4702,4494,1
4702,4511,1
4703,4487,1
4703,4606,1
4711,4704,1
4713,4707,1
4714,4705,1
4714,4710,1
4716,4706,1
4716,4707,1
4719,4552,1
4719,4706,1
4720,4717,1
4722,4534,1
4722,4578,1
4723,4591,1
4723,4651,1
4723,4722,1
4724,4710,1
4727,4712,1
4727,4715,1
4727,4725,1
4728,4708,1
4728,4709,1
4728,4712,1
4728,4717,1
4729,4708,1
4729,4709,1
4731,4718,1
4732,4713,1
4732,4719,1
4733,4627,1
4733,4708,1
4735,4711,1
4735,4724,1
4736,4720,1
4736,4727,1
4737,4718,1
4738,4731,1
4738,4734,1
4739,4649,1
4739,4721,1
4739,4737,1
4740,4733,1
4742,4739,1
4742,4741,1
4743,2209,1
4743,4632,1
4744,4734,1
4745,4705,1
4745,4733,1
4746,4704,1
4746,4708,1
4747,4740,1
4747,4741,1
4748,4728,1
4748,4730,1
4749,2409,1
4749,4726,1
4750,4649,1
4751,4715,1
4751,4721,1
4751,4730,1
4751,4744,1
4751,4750,1
4752,4708,1
4753,2409,1
4753,4649,1
4754,4725,1
4754,4749,1
4754,4753,1
4755,4721,1
4756,4726,1
4757,4733,1
4758,4755,1
4759,3334,1
4759,4525,1
4761,4570,1
4761,4760,1
4763,4539,1
4763,4566,1
4764,4500,1
4765,4500,1
4766,4470,1
4767,4496,1
4767,4529,1
4768,4522,1
4768,4762,1
4769,4767,1
4770,4769,1
4771,4538,1
4771,4681,1
4771,4685,1
4772,4482,1
4773,4609,1
4774,4727,1
4775,4727,1
4776,4620,1
4777,4761,1
4778,4518,1
4779,4667,1
4780,4779,1
4781,4691,1
4782,4518,1
4784,4726,1
4784,4749,1
4784,4783,1
4786,4626,1
4786,4785,1
4788,4588,1
4789,4540,1
4791,4616,1
4791,4790,1
4792,4788,1
4793,4703,1
4793,4792,1
4794,4787,1
4794,4793,1
4795,4792,1
4796,4469,1
4797,4493,1
4798,4497,1
4799,4542,1
4799,4675,1
4800,4520,1
4801,4520,1
4802,4520,1
4803,4526,1
4804,4526,1
4805,4538,1
4806,4538,1
4807,4538,1
4808,4539,1
4809,4539,1
4811,4561,1
4812,4755,1
4813,4564,1
4814,4564,1
4815,4564,1
4816,4541,1
4817,4816,1
4818,4697,1
4820,4575,1
4820,4599,1
4820,4602,1
4820,4819,1
4821,4640,1
4822,4798,1
4823,4673,1
4823,4810,1
4824,4780,1
4825,4681,1
4826,4532,1
4826,4651,1
4826,4680,1
4827,4670,1
4827,4782,1
4830,3322,1
4831,3331,1
4831,4830,1
4832,4477,1
4836,4835,1
4837,2312,1
4837,4832,1
4837,4836,1
4841,4832,1
4841,4840,1
4842,4840,1
4843,4840,1
4844,4841,1
4845,3454,1
4845,4830,1
4847,4834,1
4848,4846,1
4848,4847,1
4849,2396,1
4849,4836,1
4850,3381,1
4850,3385,1
4854,2265,1
4854,4853,1
4855,980,1
4855,4851,1
4859,2365,1
4859,4856,1
4859,4857,1
4860,4852,1
4860,4858,1
4860,4859,1
4861,3295,1
4861,4537,1
4862,3543,1
4863,4862,1
4864,3318,1
4865,3337,1
4866,4537,1
4866,4828,1
4866,4829,1
4867,4474,1
4867,4840,1
4867,4861,1
4867,4866,1
4868,4867,1
4869,4867,1
4871,4856,1
4873,4848,1
4873,4872,1
4874,4829,1
4875,3341,1
4875,3369,1
4876,3333,1
4876,3342,1
4876,4483,1
4876,4875,1
4877,4863,1
4878,3372,1
4878,3387,1
4878,4847,1
4878,4862,1
4879,4864,1
4879,4878,1
4880,4870,1
4881,4838,1
4881,4878,1
4882,138,1
4882,4852,1
4883,3348,1
4883,4848,1
4883,4876,1
4884,4828,1
4884,4836,1
4884,4874,1
4885,3642,1
4885,3649,1
4885,4874,1
4885,4877,1
4886,4885,1
4887,4841,1
4887,4864,1
4887,4886,1
4888,3345,1
4888,4886,1
4889,4832,1
4889,4887,1
4889,4888,1
4890,4838,1
4890,4872,1
4891,4873,1
4892,4851,1
4893,68,1
4893,4871,1
4893,4891,1
4893,4892,1
4894,1030,1
4894,4893,1
4896,4833,1
4897,2214,1
4897,4828,1
4897,4836,1
4897,4854,1
4898,4833,1
4899,4831,1
4899,4898,1
4900,4848,1
4900,4880,1
4900,4888,1
4902,1033,1
4902,4879,1
4902,4901,1
4903,4839,1
4904,4838,1
4904,4839,1
4905,4872,1
4905,4903,1
4907,4901,1
4907,4906,1
4908,4850,1
4908,4906,1
4909,4850,1
4909,4901,1
4913,4870,1
4914,4878,1
4914,4910,1
4915,4880,1
4916,4834,1
4917,4872,1
4918,4913,1
4919,4908,1
4920,4878,1
4921,4901,1
4921,4911,1
4922,4850,1
4922,4917,1
4923,4834,1
4923,4865,1
4923,4912,1
4924,4878,1
4924,4910,1
4924,4918,1
4925,4867,1
4925,4895,1
4925,4899,1
4926,4896,1
4926,4898,1
4927,4695,1
4928,776,1
4928,4927,1
4929,4928,1
4930,3,1
4931,4930,1
4934,782,1
4934,4932,1
4934,4933,1
4935,4932,1
4937,4930,1
4937,4935,1
4938,4929,1
4938,4936,1
4939,4933,1
4940,819,1
4940,4939,1
